2680688
186954510
193449698
173088519
117992811
101106853
129905550
11520704
148006085
59957375
66305556
138562587
29096914
176286092
23148684
71522620
151720899
197045207
5517473
112527922
147419507
144870563
68977639
91267178
169603998
52005832
183657893
84814235
175788598
117652351
159178098
168810035
104355267
110866867
151797777
52434984
109692605
38434334
97937055
112435027
126309771
160882754
84674742
28151431
131317540
5551551
64309209
46736667
16290795
160124581
3720004
91090850
151214582
7058344
81382452
50542085
107814525
17784030
16205448
186826097
77884679
17591995
8464262
114081453
54541827
113901054
181062172
106660735
84238357
155072025
152904868
59338782
119089502
74353849
4491962
123161679
74959798
194518467
43344094
107768027
75465877
158619765
113536256
144533982
80451785
47590408
102773700
144653351
147827178
5353738
26992234
114062687
107451939
86215545
48417256
166627443
64608395
14279528
8379217
181609849
