8113
8691
11070
11025
5696
12440
15362
9051
12727
14571
8233
17665
4646
2158
4187
17799
9169
6774
8470
7655
8157
4814
9067
19850
13228
17221
15183
5130
13177
5349
18904
10428
10206
10463
186
10506
17187
15648
13048
18519
19915
648
8963
5178
7683
3957
1553
4676
14906
15558
10111
5821
1494
9762
3824
6086
16000
14656
2788
9455
14266
281
11363
7949
15379
2649
15982
4670
18533
10347
4858
4610
5297
5156
12757
2782
8449
3207
4789
8250
19026
6645
15138
11981
14752
10191
10551
3186
15353
7765
11836
9754
9988
13002
7200
8049
13949
15043
5755
17317
