3484
3080
8561
4050
9739
3959
7976
2649
9067
5113
2928
7439
5670
9781
9201
145
7406
7378
7264
9330
75
9404
1280
1499
4909
5749
9499
2995
6190
6436
5479
9675
9516
4040
3725
9256
8000
1701
1906
7067
6815
4835
4507
2486
4616
3709
2631
2022
1087
9896
1353
1162
9301
2634
2662
4210
8384
2162
7206
4574
8598
2686
4249
8115
6726
7975
7371
4727
9677
9277
1795
6493
4112
6302
8980
8729
11
1611
751
1099
1508
2105
2262
810
4739
4924
5021
3124
7087
2227
7698
5685
4914
1948
3800
1640
9924
1171
6367
9601
