1017710
1565933
715928
1109787
1555494
766918
884875
1152680
352882
1195426
515729
1026591
986004
595515
1564161
1025375
1306742
305913
1551583
1428281
908927
584075
213052
1184984
1879341
1216725
933877
1659762
191010
1291319
696588
1235929
1539306
124464
281737
1217374
628184
1687687
38227
547245
146860
1184996
1149927
1509502
1240925
1846588
1292920
1342574
308835
1195224
826131
1043200
1282972
1599830
1569096
1027010
1047772
1647175
383095
1723619
1682749
1355623
1475257
1294008
438664
644240
705607
641647
629514
1118043
180019
908875
247018
108040
768877
930743
911400
1059181
1864531
963977
606321
306610
983392
940582
1336791
1686739
755593
732909
1158888
836308
1299038
1497643
1800285
98096
808859
625260
162386
1564580
539198
1260491
