54263
242206
340996
301628
303131
789809
488999
788906
877039
583754
744204
932020
555370
717384
459514
710160
329950
913687
252860
120248
642629
410292
109040
291020
832283
671896
897486
309669
647844
70387
453529
702108
312594
794526
3737
615725
584335
492737
404631
461375
76491
148835
393396
631861
866219
852911
342022
196170
766599
594882
316419
409228
5175
425459
700248
837458
97355
597735
147128
745200
668123
600657
447308
980717
395183
451045
596443
979519
943783
1075
440895
20274
149911
834292
652135
16131
687203
994158
212301
453803
589041
528720
863031
594216
954179
563280
431674
51535
161016
578802
796735
829139
179460
244043
809857
574644
695089
406301
554164
638872
407376
995059
659147
557287
829351
311283
573418
516555
305441
785720
970358
894483
314441
833390
488699
268621
396671
920373
320156
557687
499176
116891
386827
678637
360935
196685
253281
56025
602986
807445
694898
10363
802505
354045
567650
631857
665329
141069
148413
970771
926790
118771
865254
241231
952162
353953
509852
348833
274327
830008
906521
773503
946900
293348
452140
307836
490033
705422
363861
93020
512868
58760
103383
315373
412806
671034
947230
78135
812104
95643
48906
738894
214415
914160
980126
166578
268114
489978
515412
542441
319987
421933
315945
266887
715282
768086
574724
205316
473509
938585
298336
986377
997345
401720
301751
410151
72754
248982
488287
884859
344626
537193
623753
559041
451354
603879
725620
719469
93858
241032
261911
413845
662966
577856
680733
378248
345943
255458
583564
819453
194043
881901
805830
191389
283621
107581
601541
356376
356563
89828
241235
701189
627022
864989
260231
78376
468869
985852
797845
562727
226884
59756
976573
889850
637613
657307
268098
983557
912765
851663
803010
106809
733565
608841
298198
17186
716423
899739
373563
72987
989568
614798
774176
616590
479787
34408
694966
948656
20260
492812
511384
247145
552569
487958
136995
190183
145265
405094
173740
58031
256758
976750
164840
990323
585592
463039
7510
302015
362779
381073
375002
352347
995871
149179
968937
475659
183587
663904
424316
203848
156717
935701
450993
709286
423659
587989
899469
568925
993084
73210
626956
249842
49961
791796
240165
635553
254836
247675
937568
617615
628749
312570
969962
624620
461750
938900
100280
645337
602805
524597
849186
759522
460298
300180
468809
883958
888170
368279
452883
881254
441489
79839
131096
491450
871636
371262
127004
126472
618938
64573
744088
247687
377143
714050
872308
838893
652951
972589
484231
255756
497187
333418
15278
957485
633599
484088
841444
521769
852367
294327
403023
293857
374167
534120
785308
245804
905383
912313
372277
524322
976886
116365
772009
354029
830416
644318
192923
483367
616908
677155
739123
114095
10574
754402
71581
644173
238491
913025
165942
90859
207353
568966
384716
581521
103087
170025
827325
8470
82338
199603
532792
59224
315968
304802
413254
146385
949121
606177
629752
566029
283333
368876
680125
293907
123279
751706
938080
361770
664732
104023
452629
872085
672989
837346
453606
776076
7371
280932
784547
89710
480536
317340
148934
796505
622143
562188
942890
571265
168366
572643
137295
451700
941519
817420
745607
64799
569127
683688
426569
233859
787711
879199
105944
460701
716545
559551
236778
723917
840484
21325
813627
321020
338666
962561
117526
960809
524750
60416
532075
693116
633060
669370
144816
574579
486790
890424
639379
55917
574112
65948
289776
361824
945147
395721
822525
661693
955273
59303
385610
795758
80629
199238
116779
419295
161799
234305
380105
686549
294722
912180
379666
927782
581550
524483
502362
68341
414907
141741
124259
989020
207689
414036
350845
152837
809758
173370
814531
765031
232674
200142
560789
313303
399380
677568
732599
561179
911874
112705
247729
206596
24885
627396
134378
606436
151880
636740
674778
566788
778481
799037
555808
986171
213074
906653
139009
22832
80024
953540
787864
312698
153682
348653
626002
553062
26222
358602
114242
938097
471307
361972
144693
496193
989369
279071
102630
141249
915812
777408
708037
694293
576446
263846
680465
789520
170500
819474
812352
250524
773014
600216
563223
926697
948870
189226
479760
975093
547829
594003
913190
19136
955976
57884
515330
945345
336955
617960
86595
252767
395368
794633
947061
971815
58479
627526
761335
228979
447000
573688
479504
220015
173905
42728
146713
122776
231955
626473
97869
779784
220476
11060
798921
176452
68944
314251
121798
405900
932212
208393
658668
327581
3026
605729
299396
61506
233256
60731
290486
680257
634420
769991
900273
808325
812719
46986
931101
44675
673459
28971
824459
893936
40032
623380
70389
108976
937632
192188
514877
869844
400581
173545
197425
403608
779275
496821
465115
12532
557553
755602
692789
191974
525593
593062
299
338313
640049
931401
382988
313508
960373
207448
207445
405
830829
277835
109382
768461
470023
624259
638306
870605
797805
835732
274214
577080
332554
739329
589612
890107
494931
282402
82081
20525
875464
82381
358838
515513
13783
741827
829022
974156
949276
36468
974561
780105
314303
83943
548567
784327
708203
186873
654932
506008
22605
929146
83088
355159
668476
672701
245267
163408
955103
327349
183934
830568
409731
542773
346082
423514
284600
175105
397670
233876
211573
372231
13982
525877
456175
562549
310204
164378
749423
965137
670386
772029
894284
753475
127188
562761
426177
372456
726169
381280
699806
910103
211849
109537
452876
557932
533051
737477
733037
930722
971354
944611
302954
985336
470489
759129
547885
780694
923507
297309
745831
593894
69338
640115
347370
196527
202877
773547
568983
929046
154828
268789
839150
366678
378327
292027
924610
911379
29504
657647
842101
858
602258
145055
986195
72748
904184
534081
853442
827692
831390
599273
421587
900728
239389
768957
97255
442266
542504
666239
371313
697333
935028
210463
64011
313356
502491
988621
224735
531995
646269
66836
532854
248528
211891
519049
321276
116076
53131
174718
943768
884521
773991
365356
785250
13381
134313
882505
455647
676818
548744
826961
374151
483773
37425
438163
797129
539916
426784
21864
71911
73053
88701
604766
321581
300592
123816
642857
416669
176947
817575
360438
61469
591567
725794
846719
604948
860107
729225
60596
536926
277969
887558
911077
761743
924983
349240
558873
464899
776025
580737
536811
849079
669439
141577
170660
970031
265394
813518
386700
442342
631094
747139
503811
222662
472933
350530
827610
333040
79755
888207
869966
357725
775765
781044
119468
700749
130285
678342
165648
906311
259080
702459
755390
928519
844037
926051
898551
109432
739569
285252
551774
370664
32391
55585
593326
505324
406116
420937
838365
485871
309144
708332
843597
84910
489376
963066
785659
619662
641408
951308
525973
900488
653768
281363
829007
497805
207414
727558
607237
946984
12810
159012
317649
45201
214597
910975
550525
620713
331912
388891
106585
641057
97223
950182
725968
586599
913248
511628
206262
554656
462936
732235
455145
116704
13599
284152
614510
