765093101
1741181790
1526467812
929344062
435279927
621958285
1121732371
1692839523
110071851
1213712081
1313662302
1559560680
363211875
19337385
1924648288
726818206
139362127
888271750
898222319
1657730772
1113564715
912098295
1657420089
1388071784
998430072
1174018375
226217507
1175253487
1083368588
371695224
1308999545
973125211
588734815
1161926202
767502832
1486985869
967577961
1802883296
607971234
1815228027
1498817526
941118709
839650512
1268009840
1711904313
1155124009
1974041759
521730481
1570604677
890621226
1800749309
424958307
1351694403
1083919020
1332671250
1262621985
1711419494
1461978832
351853906
1643202412
902662485
744289972
1645009956
847225397
124465543
1146876823
635089230
999804444
963162734
1260689239
999413624
446668647
156979869
935180061
773741944
613972447
804533136
475511061
1061274078
339461177
526425739
433607252
1280804394
1067563639
1941912922
876290719
889248693
1738701617
465436830
1888615582
1311112081
1854381136
657515833
1073376039
1706612661
233383271
1065908940
1381014759
1294174066
1525832036
