1543953966
495832948
1454356961
834137761
1937208230
1133875662
397882758
692745861
1495999566
875985833
634232377
796763233
940036279
1487236256
1401635126
1134016699
1252035312
206714049
1607502439
97553117
999905431
968568205
1514387225
350594423
614721341
683419598
485182475
215144430
1032855441
1355046707
862865098
1930595455
1653292083
621529490
1264385196
68109666
337541597
963718506
1359958559
1199624312
1157375274
1028019439
749244906
128859689
523408875
714141998
796423713
1070775002
678950702
948504609
613577939
328714230
197385031
1156382769
234400251
1180515069
1198241197
311398829
1388582238
1325998888
1003594788
289704485
1104831119
563513281
1775980664
740858006
920390161
1129301377
284937587
789212227
958577611
1074212115
1175817020
1383467441
1632854149
1231923332
1697150824
941846330
1810446740
1153991892
1124583113
1331864167
1553504015
989606100
1181759867
1459710418
1601028093
502263878
48442958
704658290
412590843
1236138675
1176475896
1595002112
658887377
1653809097
700098150
275165183
1197949644
486437802
