37237080
98179144
71065567
62482079
8739542
53213580
87610925
95894866
32088767
78608723
48971321
64262045
49069833
6290118
24270705
66251824
55138674
78627571
78008183
32823725
52578456
32550711
38299548
94196608
30869978
63538471
35317105
90121557
55587898
73180196
98015331
92824979
71359341
69080899
55307058
80098883
22294479
42917983
75993750
54383247
21526707
24965072
18645292
70596541
31255190
42915998
36848365
86393865
21543569
14856548
19217590
74122025
47407259
57517138
68318634
78277238
21055610
3635740
68398796
76643509
76815936
66414127
69468488
48175278
35495026
24775546
28274162
57789506
67693530
4267912
12172753
89220238
29232985
30818045
59816779
60488176
73734043
96665144
46882041
95277613
11521693
66099632
69399639
58928953
23616770
37718273
37206191
44672381
41354013
5604987
21315890
18169950
72019115
90784378
66345229
7514141
15559925
94619391
65303647
83253456
98887304
77476400
72473694
28120289
8294446
32290474
88608465
82028490
28955619
35490507
77306103
40477312
1590139
46705743
99406265
25206910
84424016
36612457
69879291
25778030
42217444
91195182
43947981
14236559
81979561
10293210
21750701
97539487
4912602
87054348
80792943
3799906
64530749
53266638
31920196
72825195
85557112
20528661
54853685
14512731
56019169
32159789
54990044
57609308
78865532
54396309
82816219
63289549
91008766
52695510
89067580
33226211
43890693
33015562
47462771
25870254
43308773
69213472
23409741
48221375
56267821
4202685
52021281
20798570
57469324
83941477
93623765
43026436
4470139
48477451
57539168
60489309
80637241
12529212
18098618
59502774
66925522
914837
22792323
57934288
53610348
11859904
91160500
97501041
44875467
38623271
23371296
88184240
7836743
46781038
36405615
64104564
50983723
88426897
84903135
8453047
72368375
78526900
51479484
76838515
27004352
9018652
37327825
7641593
21547865
55426443
67144367
88473387
56341280
89936691
46407676
9951628
1796596
37568177
7452669
46672063
76191448
30823966
34856303
84028192
77605004
71261919
48132757
28588728
59688817
33035892
37041776
32057193
11562793
88521260
8895709
38567145
97539913
46223534
46208739
19087779
1649977
13353107
7561167
57991257
3289799
53968844
67942886
5086395
91537021
75395556
51758459
67728469
6219522
86614762
51756662
83824527
57876682
99889419
12413255
17565500
32925311
49455031
49622694
44488104
37976292
58518403
83055250
35516206
4741937
29263990
54603986
6391915
42617097
62165153
64383173
45906897
16133997
32326059
50993292
7671018
7721615
2751751
75399488
13941138
89366514
27156150
97765665
47243197
27045570
10178920
64808697
59970881
59633952
14431391
4458986
97610245
72949795
87514237
33126452
77691733
16778227
87730438
84083648
59395325
49895591
48466821
5302222
66029589
80792881
56295515
73700608
88514496
59047266
49100096
2455634
48413780
76256247
221300
95656978
3301817
10400220
60465675
63272699
70034173
74897067
67731686
67644419
47846862
55245923
770871
25538595
72024151
88501309
9622244
31419476
38396901
58089066
36721699
4426490
38881947
93017214
78127098
27396444
52064480
27227194
29852079
478261
3483442
30073379
96135239
6785259
40473600
56600915
70057958
10507774
31497982
37789644
78152193
79344844
93035568
78923064
4883440
65059719
67424374
14505685
96479196
5821275
72594751
33200895
10247765
11476698
26218109
88374863
38873143
78282590
15602058
68725222
78760851
19085500
98798602
74896090
25870760
39272202
31497005
95928719
49779977
62994988
33718364
27932170
42339833
26753932
6855235
47223273
91813652
74279609
61728959
88292848
80100885
34323710
21493744
90348651
45800409
47711853
78723515
84673552
25994443
94325573
53398775
4755294
13411074
52197378
79651385
39281835
91469581
11148391
35210554
41249558
74143380
68928919
69181728
16483213
95682852
76036964
63706487
87496504
50316574
25435446
75789353
30417459
59759156
97283097
20766110
5559566
44994950
99489625
90233119
70989394
93815199
43631894
75744689
7226274
95829273
55396075
46508109
87298854
66544466
81718663
28548412
40687847
50647582
97730141
57171060
46330434
73767105
20877547
33826939
24083680
46312994
9616292
54501139
6072151
6899390
75267250
11631717
51894341
74756876
1864836
22883735
68572075
45496731
98628424
75798349
41326004
54024499
22306458
28624858
20568966
4025122
57173271
61256813
54672705
54903412
18427874
1003140
28670518
39305422
34830080
52754198
85618416
44446373
7255338
91690567
51345763
82522588
3322285
3240104
57279465
5187121
26123840
25851541
50683853
24752264
1649890
92009857
78776764
23956349
20634716
99345731
27981472
77807987
60602544
82654178
32711400
79030418
83657319
61381918
18335840
18487399
14136116
3954257
62933772
21391455
95644824
14279536
3914044
98967110
17519640
61193509
4154231
43643480
87045050
54838084
68395745
88694941
46847942
47172510
12651291
67482659
46518241
40632763
45290646
7120786
23286942
78002046
86151205
6944261
39383965
4487046
25431660
53520082
8441303
88365433
74911537
4086128
2644969
78825581
3053238
20164610
40019090
7207470
63808090
27064141
62045554
32203836
15759082
8893497
79376346
28410373
76376156
25894587
69043137
21666803
33015373
92330079
99668850
19166579
99274340
39052815
23653625
24706001
92572897
32094928
13071434
67484435
36181057
15716404
46310016
39234295
35881014
86329107
46441765
99689105
13393248
8487320
31892941
29152331
17380818
11269288
57562704
93756974
37163876
26605842
15423778
70179249
18935921
15092628
89345829
18210262
54145444
12999454
42916263
46718342
45094383
55987698
14202777
81275440
71704103
60512794
20509735
7585117
46841901
66951501
7274222
60235150
75438822
39167164
89387481
92819640
50436452
46950186
86576615
87600328
73556028
2000393
57779578
92491950
17093022
47125407
10702212
71238466
60124862
53618476
17956809
5219245
9606175
32159587
86494685
81310278
92672381
7004421
88895395
39514283
73955922
96169618
99749434
49394744
35336783
89136915
42214385
85773236
36087102
28791000
73373565
9643130
30791393
31153143
2135080
47884416
78278551
12837293
19122882
38403413
66455769
37079692
43622659
76061944
69239279
30117344
57372222
61911660
37121766
46267618
1425944
11077688
42437237
1175378
60472433
77774021
90312293
2686818
63547257
26399396
31477819
36920822
36042526
62269212
68073966
38177607
10153628
46352518
51014900
29276511
84755932
17470669
66356203
28378591
93532614
35595483
58495936
50904836
97507144
95617702
97172455
98933088
6695391
39609693
108466
67167825
17383714
90420760
69854644
80930972
16820156
1332463
17851794
52862683
63601675
85925761
91040290
73755304
32278279
42055190
3031816
17034211
59525860
69388020
45412803
53058474
4983503
3908739
3963310
2490647
99526442
1135766
1423735
6221834
40745459
1532202
73389659
58129174
91952962
43244303
39060146
8773119
44576766
56911940
61635802
8178442
42837701
52676092
81933747
75115981
94731282
84965563
92150193
54257142
54353584
37562996
7315616
59337087
41471736
11278927
61827734
40998179
12414694
63251470
47220013
53160153
64783672
20609672
11289327
56736635
63853976
50349473
65509754
8430743
7261414
27145556
16609185
50099116
79821648
98542933
25215098
74552931
83508496
17365291
28810074
37862080
54928288
36125691
97199168
96400025
47404619
59026903
37398204
59819313
22278373
84618217
12979466
87062046
5227890
24268794
43798682
69081866
74618268
9308436
77512609
81879682
36453993
94121795
31978799
16275642
92664728
57193897
90828574
76173225
74559188
19638648
14035306
29487477
55764339
11234474
25887502
3168958
70261377
63285706
62988271
92539751
47903924
75967738
79601798
53131815
236532
23400481
22213682
74854800
32708918
99726292
56734483
69162911
93848087
88713282
85438553
86512816
45907180
76267128
62686042
20466368
95905776
76721348
49953846
51670116
87955823
75841348
54839075
58217201
39127055
17827347
50756952
87030980
93795085
30358751
40162795
94031618
53759232
62376478
68886419
86468150
62102770
25620902
55631062
55950858
14334185
41069616
42463674
60241365
17336744
5149717
80707734
13242520
81871065
30661581
64912637
69826889
6502929
19751712
28044090
45629985
37579059
78801043
32660966
31374145
9159794
72823761
25405763
62919027
35200240
94292182
49387178
97303010
19913085
5018240
53253868
34247271
46087856
95717543
94488637
63424601
867260
75196372
76667122
82738326
5857953
41579759
52565215
12360883
61331471
80609305
57990869
98910531
59410348
90651835
30284676
68570143
63475597
55690440
31489171
98675837
49982623
80876349
95978847
69895709
85894590
49232716
4142980
31982446
44950259
98631618
95407048
45817519
73827991
72074170
28555845
79685945
13653929
81121061
92046828
74985401
61730366
50037698
73895932
21140715
40689533
4180609
89710859
4165130
59871049
21200030
2840968
9853673
2076379
98819816
79749382
87970969
48052532
83892363
19953416
93002791
82523981
15360464
38820311
56351973
87434634
67376156
36037918
1088564
48497218
28084746
76073965
10227584
78122445
49969898
31368300
18811978
54150507
21079159
22977109
14021557
42279189
25818078
23875230
44355569
24637894
3624612
32326539
72690426
87516976
52279956
65693217
70040958
67640420
4513528
26392931
55075055
71889685
62430849
56163619
20386903
90515596
32237585
30614488
68638041
82207483
61982788
87450020
36357990
83061948
10427129
50379548
25341137
36245207
74254778
69696707
60883101
77879391
2023246
33573528
65396368
54303202
99266745
35437326
21943623
3780274
61830257
77018679
75669960
24261106
33182298
96056863
14776703
65419883
26671352
83414744
47627367
88654140
70864764
83985358
71716088
81291894
34364906
97057226
17537102
8619685
66753933
78420204
86499077
68777180
11993732
51895445
23080383
11260478
87332771
45024006
15040752
49163028
22042685
90710713
73424135
55224984
86767576
88200839
20644868
13438928
71615583
68272235
2093069
42480348
52257593
73809158
23772242
86622500
70866384
41309344
95242185
37620318
19729548
81741262
6397499
31723280
33636708
29477882
42983758
20969479
74501889
58024511
70132508
96544575
48735224
43556644
51769560
35502801
31757483
72414428
48941730
3373066
40686664
51034799
45853415
92944257
24843958
69625657
79566758
95710342
10935002
74808943
33330661
30664551
56550206
39728160
62387831
90186914
69206043
5371590
11156393
43707933
63396102
81288902
40252508
12131327
24845546
92022068
47634128
56603029
64436497
96575859
59976096
5123161
47610658
5829511
98067419
72454617
75455169
77634177
68164960
86390171
52443121
1495621
17054722
8993327
41223782
79442554
99180242
10429826
84814145
10336636
54137759
48210247
91625538
94390268
60341574
16471085
86412336
7975703
73074114
50848834
4551562
33050210
55971995
52162221
38879722
54039415
24616838
14334891
31673592
92781798
725062
84116714
94277420
17779785
93110042
35501203
97222339
92290284
45931029
82036484
2626920
68788
30246732
94252459
94459056
90588307
10723544
80871393
98564010
83797659
31720227
3115573
16847870
87692223
55277794
55727592
41731638
79894633
70062483
73405231
72676432
70787546
57521945
66953852
88567331
50631987
2455055
85789671
42922272
48386085
67826156
45549193
48454873
98072888
39801652
42913930
88661195
50525197
23785324
87225206
34322856
55505552
90340779
51170726
43197776
45618574
6898319
84929415
25513207
76960803
58334646
98189639
47748349
15856592
65143492
36315681
66488580
67598548
22105352
9410852
15984633
89931509
54960046
64439507
88004397
94761699
7353438
76665593
45286896
31138762
63890799
79609753
86644315
54231579
30780480
29842091
99850153
37678799
14771506
25363361
14639602
73106153
23553001
62387952
88962745
88696494
98703633
55451326
56295042
20808986
64862179
72279676
10740495
19822225
36719183
98744893
14583924
44072622
75410486
59870820
75211384
39301286
39480574
61855699
93532866
70261054
91697791
93383020
7939853
6469297
18746381
22579456
79575450
42299383
84967408
68538195
30995877
83671041
23989522
87290920
4480028
88851701
59570597
15220523
8673926
96289780
13965417
23257851
40362403
89375903
83128672
15573787
28677190
22609246
77429487
22210056
92870300
69127278
15593076
810154
75596576
34339458
23389610
55172026
76638841
8357019
23710222
7634719
92028061
47699744
94925639
96508089
36551445
54496236
11728613
45225372
50786017
25694030
68483223
91148420
15069934
51611895
6722208
43747124
74221141
84151696
65957181
67091442
53278975
81550257
67901596
28875551
15889715
91291207
84047578
92528557
99648226
7757800
163276
91676287
55457545
95088916
88184376
92008991
49585153
99912990
37234363
371170
25607020
5717587
91519591
40676955
57329482
98241800
84424079
31550624
82393497
50381260
98642067
35672472
31931517
66543663
64548024
47821233
57834871
48595602
40349790
57483097
56353402
40513066
49159384
11810948
35601983
37343761
3819939
85187136
37256752
41054302
85558307
62863772
46771889
77077898
3540727
4101372
75319699
87964807
35651997
57713196
38346068
34294064
93385668
70277586
837728
57933693
18098819
58672599
6529295
58448610
16155696
62882698
98961677
65315081
74693646
34563660
2658843
78513585
19750796
39915595
19567887
5309103
2779367
66339777
82387002
6320095
70441150
57706701
94284903
6093148
15419898
32630971
40387212
8805567
2908557
41224940
66739260
21007376
99897539
73268555
79455986
16053236
36151253
78417663
81368317
10844899
12981324
84027160
89358484
32732120
23942756
8926372
38041224
26722123
75266150
20428226
33042219
45707301
78134928
27327123
51800449
93554826
59958094
92187662
2360393
62866651
33412603
69099654
83874028
33310142
42368209
63330015
49363379
78519462
41747679
30731697
89364362
54729003
14758858
78722847
87461123
38701614
87649219
25502347
65423738
62915370
45930574
98465958
8622671
24065502
25793081
60423120
17620329
85751175
52610783
19980722
48617826
86023386
89080376
32491855
19333529
31448586
95821870
68696908
9968049
37569549
99428605
99332411
92298552
14187464
78055258
79759676
52889078
65704478
5262024
18312816
28619848
51192598
16778774
37242519
75258101
42571855
97665640
92878430
28323031
50276424
12859153
76940858
36299810
1939530
9432713
55633339
33388116
5254583
24330248
43356165
42824133
23758853
42688577
35122686
37946318
20743836
14882362
90835396
86448314
20144387
9148213
15068162
71336986
25926987
52310682
46595087
68498843
49976323
39473518
96821874
252747
52332671
73762733
36552557
54272202
83195446
92185897
87660318
88450030
16516145
31016484
31274163
40274999
73705062
66396849
78221317
94448898
81279212
69056713
80897212
1423600
78204926
95965375
72760586
4131914
48276057
19355673
72630757
98252381
58829192
69452632
98505128
11161863
43215365
35057686
65434066
26410812
27243583
53094385
14860842
43759728
84110869
46135006
84034727
57815932
12531855
62256044
52264830
93811068
31312757
33162043
95234668
9517684
29127418
67995254
13649598
77403476
87350928
86280356
75655857
46180120
55732989
74160986
57341984
98948355
9218672
22776050
25359167
36462255
75870435
40220009
80221984
59981305
86355015
64256711
17797238
98886871
26512755
70062068
92697940
57825513
3224112
87932608
67343198
32351530
55927863
80992797
9755007
43278792
67273153
85410864
89458913
23006143
59571851
46800898
21954498
68790523
69576948
47313665
5252779
45447384
87533675
85474763
5428690
73888691
49731475
23225928
72775562
76244230
93287997
65473502
34069744
96512109
53406111
1412942
28863640
9333975
82405739
38618647
52612767
49678893
24029512
42071681
72685036
83601363
88872579
94639535
52391887
58449528
41953201
57644666
3896913
29486876
43119430
9325603
3375567
92850905
32551532
76151130
69095136
25839529
41624633
3164880
22351639
95030744
4577823
51215279
4364720
86983563
89833926
56977488
36662457
13863439
99049169
9347494
97464802
87921749
3987029
49856690
46371277
45940230
7501356
50268190
75427106
50620787
59593794
78802674
43471692
92145327
54953804
12566829
17984856
96578437
15731710
40336496
91609182
20309533
91551775
95973902
7293097
81385702
52951390
43955555
95249141
52000560
53303049
92713944
39922309
57290078
42570634
86293586
3230309
50071991
36561777
78657415
692778
96155571
57460090
44164471
88300898
12413894
56731300
6285755
8992332
72463010
46622252
601514
92772544
38174027
96575416
65642
19559730
49526807
44021197
14808872
1527367
97324246
7522816
41449676
54614325
50093451
27743263
57844634
165442
64305040
36502050
858221
60460612
93962140
45022692
48761511
6376034
1753993
55047267
15368367
74217004
1669519
15969881
66989548
39843547
12545298
67055191
59403277
62072105
11076388
74212149
63599472
8400635
81734966
5049149
63014960
31828418
32792413
20859594
31993860
97097453
57361644
32852082
57558066
51323785
77874775
6319578
57699819
79628768
61366845
73068186
53845773
63036364
89038068
20835322
2879911
1583366
87890513
62283189
63655471
98966901
36495339
27254944
7367537
18230305
32304094
70382497
50058724
65096507
91242092
82052584
62193961
48603736
14904667
19752028
99927521
92779442
26071606
57627341
72408211
87438451
30695528
26253984
50474816
19733597
47089306
53354728
21316963
34979819
15637917
84972435
33946721
52133256
12227380
41314258
70363562
44531474
11696756
20422286
9627982
2938848
2474871
71821943
51542585
17379538
91573972
51470107
10158980
17645578
9097448
82567191
5084029
39792977
8821176
55558846
59526574
55910482
8913574
80843538
90890301
24551491
65815973
24837022
76684748
78043354
66151281
47048311
22574828
77848037
67470598
32202811
80786885
69945469
4024755
32329470
87325008
95598727
83799577
97483989
13244305
92897026
80051181
18328335
32690004
88872357
73887181
92216579
44782839
82800756
73060117
35673140
7352248
38876091
60510163
84036996
16919445
26661445
31085308
39494274
4509482
98555906
71697085
85296368
68501376
75721840
17625838
55826384
71320567
1425416
53310374
84564873
94322443
33361555
2893208
27012447
22233912
76780390
19229027
67016752
59581146
92289145
2689892
66933394
31165236
63200056
50970391
48084682
89861501
82055700
87578956
94370984
80611607
59276041
79667352
49112983
34997882
97293191
4939368
6318449
98718607
58249742
90883323
93041051
91611297
93776531
20053499
13845210
70556922
39282526
80861962
30138069
31571671
83551855
97071464
62736908
46751911
48041855
10821590
36613413
30097556
98400546
30984398
10709163
57676587
10651750
59822146
92674470
7944941
64761514
98992919
6663549
23011257
89876243
99704601
14622554
83652774
19758100
28467764
54209697
59040626
9329727
84347766
90612298
92881582
81419230
53349206
39633494
29461086
64170796
76246908
59558642
62571342
7231306
70267805
20247930
17883057
30089952
12922400
25827999
94851467
11915320
32491548
17862724
1791563
32196149
32485279
85444338
51954250
60953044
39654035
10994876
70282771
24001801
1607175
63164353
5421031
54956381
2797848
34882117
19127177
79044756
94440760
81698520
86276062
64708565
1946450
4159119
94798518
14868850
29987118
89649985
26784171
62478667
7512709
28575734
94674817
39997988
14020073
46629067
951032
53674108
57623944
71233804
77675909
59231119
34398157
83096941
14187500
37196005
17979058
33314678
16240762
12419818
15013198
2516824
77128384
16959648
6675944
71926902
31828499
36663063
61576888
58612671
99141731
69089597
87188406
93816548
9087586
1208479
40445616
10038619
54882587
98069561
81272424
32558497
57300680
15670581
15655438
71488181
52866587
33634497
4802859
69107350
46054316
19816058
71624174
23182700
36775706
78300119
95109603
68604206
14963183
56686491
27216877
14104914
25776089
14405283
7921463
34863676
15613763
48367079
44902296
70496351
46436640
26174720
3054848
3737321
41845302
18710287
75225503
94711890
52344785
80028362
63819240
98399101
99844421
35443415
21581802
36620127
13743534
16691406
5224334
28706718
73377897
32441212
42811632
99153987
46846496
50733095
34017664
62460259
99100175
78919960
32956610
45536816
5094680
36011459
49274138
46939982
54721746
24499641
41651872
7066531
4528004
5471113
5465633
4372425
40914528
27047435
40992553
54658063
43738841
46216887
83364781
17116739
78658100
26176413
16270727
25504596
76909509
50288391
87964855
76009685
29208351
20921466
21546502
34303032
56932926
70820640
81243015
11654672
95320281
22894888
18721204
99848285
28366001
24186838
4220711
69280529
51234274
45213264
23938592
94973116
91430152
7303373
12089855
70088252
33479787
28360583
95592848
10389297
78648974
83557704
86398982
7857326
4479171
7945484
42160358
61412097
78766124
23403373
73066770
74086406
46298262
91787975
73934691
74664263
15974813
78155402
43944793
67209087
23368667
67883385
62182203
14798819
75186759
74272059
84887071
8666546
2632642
80479920
19055844
81281617
64037625
5454826
89138943
68516796
13400311
31299302
29928893
92166435
54702676
2995664
66252842
1000938
94783639
40187533
75665201
10758452
18342936
19609994
77967540
41711604
87493380
40149744
56510423
62680139
14421803
41397495
71346686
17054446
21877415
90402531
98336063
85915041
95857357
87475007
54431837
9257668
18774309
84360731
1424104
73476985
87356395
67676946
74477924
82140034
7864480
50143125
92898487
26207417
69753120
70866028
67919021
57246501
11015772
24429445
19926641
25437576
65826940
91273328
42492022
87704356
81675859
40828086
73619397
77533216
28303093
28051234
86790885
47077402
12411966
88214990
20554388
99768361
55891936
95032312
81908396
63756417
45175438
74806884
89963834
14928558
45672912
57882856
72175059
56688685
82312301
92101700
82126261
48139241
83375028
24618283
35843597
65050887
65446369
9462995
42584104
93749463
37514230
29374989
40826865
49926196
17589979
61381253
49694558
73481916
56413566
31602954
37238333
1589003
6409839
27202168
16517562
52082752
85085024
88692622
8771437
67397325
80794323
90897698
15536567
64169352
15515982
51380164
29220239
80962352
60843159
71804344
74711815
98357390
1179334
15538680
48283586
18769314
76919934
97978144
92251230
33333500
29581099
29489564
34922504
35990938
56691733
51440067
88073690
41776757
40132689
96845128
9174083
20927013
87742826
24710650
85096365
3258808
76090815
14316605
84221160
36933975
86120949
58932975
35291365
87300283
74471656
83574951
6069598
51391591
81553095
98320828
84725091
11134195
27810393
19647596
47125134
84502126
71087663
35198825
26278884
11220353
32043953
35452967
32147366
19786779
60163617
17243731
23045588
36254432
31560336
7266749
73188407
17681286
66199725
8479772
4981570
40671381
92054724
11051168
92062972
73607820
9371996
76788064
84742015
37182390
96435660
31867149
21684516
67523324
67065974
47963401
78743677
99109928
83416368
10891044
18896707
43579985
28134775
41942296
79834418
59695112
49209045
53022826
77376398
15408770
61502599
82357968
56080152
53557323
93409136
48143125
27165144
2781133
24931189
11907159
39963524
21366850
43774309
61648041
88890174
10840284
9611442
67633852
9950212
93027810
78524896
28846919
36607796
6659672
70789216
16442215
66354784
19998261
69465041
43731182
35407032
30967640
26089151
91487184
84524964
19498288
39630309
11690108
22279422
64561499
23597268
62242946
85928349
67371577
23890987
74818524
78211862
33502430
42452376
88162074
26530240
20977273
17008994
63138037
27636945
87798210
79580252
93991729
7796471
49045294
37722912
43203503
80012935
63812064
34690687
64537899
83310352
74320997
76228008
5589774
38882496
99825277
67832721
24810845
67196854
91723709
99629370
45408716
25226139
42081746
33570791
51756380
63059020
50579785
14894417
90695965
38377995
94474670
84687695
46174466
43519964
22410607
89377970
23532899
86222671
24068658
88070799
69533024
98389655
64298808
75122799
37272152
64124085
42955521
62082998
31320940
34679230
61712368
76729657
59905370
3794115
10300448
11661750
66853135
60880233
26556168
57549100
99258228
21030838
42236796
45432695
64550803
64647403
34810665
88083702
50870075
58879324
76154502
20403099
57268979
40453310
95525899
94541132
4577395
38481420
56624130
35898336
73160650
18336498
12627993
33066020
22130613
22928441
44727771
88983749
83808674
71283939
46532850
83066902
92314778
88769646
28499598
56865581
53417049
63310263
44949283
4287125
22189587
21103786
24690225
79458567
61557096
20216124
73999699
66134492
58697544
30623830
2032828
31858195
48960328
14660821
64924215
71090942
37589263
9651987
60074691
21397937
80935926
6607541
4464840
73250704
95377187
32964438
30116285
48794237
96274702
75065569
53081362
18464289
96169355
77771587
97922857
57726452
97987711
71922557
23860945
56685256
2546387
25893774
88543451
51506716
40554596
53467667
22597659
78143859
63119654
82672350
99541797
44055581
89279892
4006637
17306285
84657079
36971075
47422571
33451317
33245777
22488140
86532679
51710067
18657496
64304266
49632925
76383949
62291978
21555483
244895
18977235
24101871
26138669
7520686
75608587
66693265
60988354
98206247
44837125
24108008
80878597
44378922
68163589
70158489
48385560
85469875
54815569
85356635
32892446
88266886
18602413
55380587
74799566
70312481
74038083
39103833
19945407
50422033
1395811
41500890
50666928
20373047
65602761
76805598
27893733
41211349
43498864
88882087
39417596
88335989
12990096
20296194
32714912
81153685
90454684
81100472
66623560
45270254
66457108
99516007
33537140
85059522
54896594
8336707
55372003
28934678
47440540
75317411
79356711
48836352
16818301
30023640
69209399
82421063
6829238
97103133
23632413
50328103
85985220
63050010
38664092
98975316
83346204
71379005
80129002
73800889
52479477
46752563
19071142
18936585
46268570
52608283
3996107
1165164
60944990
59368111
30099842
8385531
34685522
9456554
57221883
51503824
39480194
26431282
33924887
46309433
23534415
57557301
96637536
9519636
20607311
35301629
8494953
3953516
6680634
88623955
77754405
59160112
35376519
96825548
78096698
81645089
49433831
82092806
82810254
10378822
41460917
12910097
18764353
76146440
22366651
75986236
27650264
61846846
2417519
61575152
8156280
25951934
19132453
4793817
35471571
39739764
40095447
43966524
43693280
46776082
32590479
21447685
5936194
67966998
18273233
84032892
49612088
67707065
66125698
32422342
78085888
7586616
45332440
96850241
83733056
67699091
72836478
11383320
29545938
75253997
72958473
37702218
1205932
92090926
42496036
36677503
31830691
82591483
80644028
75523972
29367565
13234508
96971658
35303759
81201507
15244892
19336652
30813595
82951957
85462351
63235938
61037845
93048967
8568378
57888087
76782024
76267470
30724565
88165345
5813408
5978563
61123818
43515627
7184495
53214745
86011663
43861999
85045436
68603146
24506027
60569409
97970712
37740535
57541067
33274472
18942042
72785959
52611124
49755638
55737917
38073476
12991576
16775763
31122444
21559955
74663850
7904468
97827425
5388415
96069813
3640833
11366979
57193632
47156460
18551474
10408377
33168124
62413474
95453814
1771271
86919502
56023223
99741983
24660038
13564291
33016455
43602081
86350251
85627580
93357719
42088168
23701056
6349296
58863931
54823501
27909251
33527782
62727969
25736676
38916198
58797783
29377510
50283177
15991416
76533971
68834652
26399793
9702095
31248126
21853608
11473366
18167629
77876831
11215349
42827668
91441123
44231805
86429749
77791374
29859386
79787469
19879542
53560442
86136765
78743474
8383944
14046017
12271256
71111913
39782694
51187455
29909697
69160204
1470632
45901113
45694175
70305284
72300907
55396271
1553411
94154515
66869637
19721041
72031347
78084987
62548709
63472470
22316793
48978458
41263845
52176179
28765927
61143387
5736622
14902693
39886862
14120566
28948711
52158119
85232479
68731405
3345574
15142177
37891610
4816206
61043290
83585786
75121491
33344198
38982057
76674902
27498713
5851694
96395943
99530061
83936682
58944653
63002531
6253475
7923111
4266376
58429654
36689039
65409764
64166276
51591733
5296627
78286842
80540444
57454746
63519322
49271850
60800321
78661500
87163460
65616527
39704791
70749247
40738018
73048989
9731304
17412921
547702
15582999
13808865
77763
99519682
72753518
63080295
5773157
80676630
67346672
64202812
17365669
32756437
28369089
68957403
38053064
6655932
49497847
95507811
70175254
98769698
56308132
48836755
85933159
21924659
88541546
56682406
62662678
61590535
66413710
80075600
62138238
81996710
93884466
62216002
81516392
66637984
25296297
87289549
47314614
92642970
51492362
64680284
25399407
79861451
33637687
63452471
86517383
83135535
58960282
56692638
81905234
15268414
5529393
67838393
37193074
94070940
24520799
99855753
55661475
90934510
79931353
17799713
72931221
73815820
80015716
54447613
40453804
5312013
41737163
87768419
97954983
93229525
52448704
23354391
73090977
86086392
86806862
59608360
69221927
45767145
16300999
51127162
61035560
21830393
18965555
98228634
15901333
43486355
98084388
71562809
34420866
78015741
89362523
7352087
51831561
69378239
61799700
92285366
74690252
3536864
80053786
72645236
96766389
32502490
95999627
69857366
18588882
82806490
29465727
87810810
28573635
45766727
38937972
89609196
67597120
57903528
87837830
83498454
1389883
85922218
55061263
35810749
63937960
44423786
43162837
15769522
13802025
4962538
8054888
88492278
8499402
88108675
61137515
5265792
20611165
57137143
75123159
39200048
39943633
4588887
27010858
68517269
50355614
65948831
58126465
17952735
23852359
45964296
1451189
25242242
31886514
56512453
61052992
95824475
936239
4215829
11593997
14738265
9178368
19648886
3230543
17677770
7757561
64368059
22943562
28368727
21505202
98066722
67568775
61448835
2655608
94579633
29966105
53011223
60528464
88092570
70963958
84380823
34056867
72415148
9623066
65943382
28927601
70676058
61767857
29863841
74891888
73361855
44602107
84070256
93010741
47832651
1748027
768303
12200710
24691590
29137030
33705912
22758312
96705805
95154748
25413921
91285439
25120853
78425144
51813904
13213424
49389103
36194728
47270291
21804251
45817794
13213673
50731853
16493853
74981531
80595695
91385742
48343386
25197802
75455999
41354128
73030453
77204026
42122431
85231163
1895616
71259462
18937076
24653929
67965268
14091824
50067850
59250708
39212677
28492995
11064612
52426102
77882099
47259341
99696394
99686351
93077136
12910068
50418204
9570989
87891599
31013899
956731
36234986
56211702
76412731
77589114
29242155
53616757
19711546
14473319
55512374
90971009
33410395
80166304
58936277
47502219
30234155
18186985
86714897
58727150
29251598
39140999
36609249
76510940
38837394
36295600
69588076
51747462
86713805
79159065
39639061
17727705
80115797
75874048
73939407
56528528
53463162
3181563
10145286
73174709
17654882
65657661
64145718
51065277
45823965
23081995
98567497
76058120
41268981
85282394
34785271
70520580
24423394
71394521
47031520
63260788
7690121
16619596
15008251
94403927
95778662
54647313
12131633
75894459
30521361
86071040
32422988
83984523
89252604
42568275
57159233
6907486
8225936
21304951
57972764
54049902
44386946
56540261
30108023
85655928
41822655
64893294
56176509
66246050
36287816
3208029
29506839
43977938
19827625
44515090
38381865
15606287
99162404
50513498
91500747
29683765
36584539
23923736
13668289
25837143
66492011
70827522
32744630
74717948
92132473
90717394
28767851
36519420
47257655
58875874
22175348
89080311
23769169
78351858
55326362
60056985
81559887
84833201
4034923
1387513
29348292
42416789
16993801
28510696
92930288
8494548
58194461
29514827
32418284
71862750
55351971
98910296
42690272
88096601
73628244
34822746
78813995
2396095
71342166
26071651
61271970
93517515
15151962
85041140
71869373
70478324
45098126
53429261
55311526
49133050
54816774
84659818
91549839
71810575
13170514
84480128
80305123
71364976
13994955
12723408
43227726
69346927
11633705
85917999
57443528
85261949
20740746
36257524
87658045
92082912
62329175
48930016
85600428
77481138
33971156
57469802
47959463
79069283
10899063
3270989
28202333
65715837
87930808
19752172
37526412
1101322
4232300
17831536
72466298
18227256
30554945
15694025
87574184
42188650
1612025
45017712
27450600
22352771
81275237
15108646
14435684
43604413
64038663
36112
21085552
98009819
57505915
69045015
77079102
68404978
72316005
5281436
34120815
60246813
25033608
71647228
61348136
29265909
89478765
33814434
47493166
20033710
49508460
35067350
62222361
51120485
80085063
89672961
73473256
61360300
4781608
87908940
4964714
68820271
87945053
26050266
66830090
45450968
95095281
43909193
13855946
67411287
49190629
47976762
27658100
74224238
19623991
89006236
3490148
9102756
22820671
50983315
29136467
72329131
86050665
91358828
23449616
66135729
81031790
96922873
27496030
85813398
84831813
32460744
54633669
72776867
58511010
21463760
18227835
53606292
65372954
32083782
21017580
14563584
80060545
48675680
88787822
99684536
37681917
92277971
8787293
60502588
43261286
37923760
32831719
29311952
29282588
56281336
95447682
10314379
53204209
22943712
96127777
38036023
55404457
50761446
10812890
13915467
72225206
29040726
67521760
37598161
61124508
88539340
52161745
41185053
37215021
40949568
40869590
74896938
33227539
49656883
35399527
76488826
87580643
68231247
5800779
16863232
24512583
1248461
27177611
77716793
24192173
23305389
15752817
79596630
74066835
26565707
93512098
46292042
55606434
61033859
83890203
16730943
49573200
36051949
57915997
86788221
77001517
98785587
61685160
10229057
48442471
97084687
86717883
36023114
65315934
92518663
52886347
89828518
93767124
80063959
67545311
17959298
3369348
83298129
97555929
77436184
9863836
91068028
23728227
65470271
52101887
7618431
82201214
1675088
43670380
40117211
88463309
20671897
38902799
50148470
30900954
87345270
47233157
17618838
23368385
12549092
10137501
76254733
2377610
3904626
56318692
69922922
21863924
59688041
53221051
19419854
37124225
63084888
10487882
60852453
28555160
62589769
68470884
10756374
64264857
12141264
50873586
52728167
32813162
89776385
2876637
63714117
77121656
50109795
81332955
490041
62658888
91470457
76744774
65036499
95375083
33063467
34959422
17239007
92751508
88180474
36658861
29875733
51265362
47146743
90728187
79820522
9736513
59199071
90576897
74001371
71340336
41450483
26729539
4153498
31226869
29606177
67867615
8348525
79715973
49200571
8838567
42374861
40671028
85583342
7411360
36046111
18646809
42370783
53285119
11398317
30551257
89943980
41274051
81816620
37090724
32002238
61637143
46827238
91201310
52214040
20828610
62541646
93664524
47558149
66695144
24891394
77164327
34562760
33239920
56880300
83763331
42078487
99255161
24434359
27661829
6666522
60480470
46308639
49037305
13765589
57706956
79588562
3709570
98981008
61405183
40800294
30983247
23042326
87627533
22184557
75256366
8456143
84726203
68920891
56014293
51421347
93812285
33178620
85984107
27052205
90058920
69747438
69130693
89314082
94181798
96792522
95980605
54662268
43101162
45017911
68427857
808118
24606474
72137428
99789127
86011657
12937722
30772374
9053983
565256
52956931
84310350
9021400
37683134
53231241
65035693
89104482
47043526
98214314
75088589
74095732
88273235
44836028
43226425
77587317
39017826
40018948
73567923
93680094
83120110
18585834
62107952
83928229
43192308
34245380
83717356
29203965
47183103
14489730
38257948
47748360
67446661
22568298
56769760
5129796
75799540
21805453
94234278
22843066
20019767
69322867
96938798
8293002
14158896
40165224
85880320
53176722
80184172
59448243
46856817
63304282
78034078
8964770
47232511
21226386
43210151
30949867
50430352
90393255
45439597
88688301
38141615
12886259
11256600
94911375
18016055
87056140
16716828
12250333
9899206
36736596
81573201
6838005
45029599
95732098
47003229
30909919
48908821
27187402
90358163
95765638
90491684
68392241
4730409
37724195
89618628
47940560
68674063
40048981
38333815
14113661
28737282
76475430
26999921
39993882
71386806
45015976
27050022
88103634
57266310
36949229
24840231
38839512
43787235
69869830
34571610
90790465
779750
83480431
17977867
91137913
79246070
8469552
59530155
83976479
46193747
49148784
31917040
14867811
89197765
70250856
28981472
17935048
46726287
55981393
57928931
18113093
997370
84978954
6216727
58263681
21928184
31056959
97103193
65715419
926789
31674804
56505885
1706539
15155235
74483752
92844453
94401306
82953304
52374609
78377786
29147052
1523393
10294827
44014864
90721159
80545683
72996337
8656208
27271970
28977731
66585139
45385063
29975101
51564094
51601791
88238782
73492278
82658751
85341976
39207698
83585540
17016780
95713583
85292080
32172016
70197336
78136533
26573323
53150641
30511143
4951109
82297694
32034537
15245936
26312558
22755696
95791620
99308895
31411905
23063591
28286626
97997044
68448655
58261728
49561138
20050446
46500511
23053417
2709198
31842487
62261115
86294738
48859268
57974698
71586819
81031285
28172034
49723353
7604608
81322676
80234496
12555718
63620370
12269033
27801655
89932928
35024730
23593275
89241824
66436635
46656866
17528450
64433680
15105521
75790178
13994819
35155968
22290690
37048236
37865166
54133177
99309352
24159905
2992446
57284050
95746724
84023731
85456085
45470077
91628340
66778761
25704573
4184058
30399132
37973607
31985713
20332060
72998337
55578989
9573884
39434973
2235855
27102335
3868653
17341377
2892514
17863473
52497345
25183204
54911709
90362512
79316381
54221061
14522417
82308828
11505112
10269142
66332560
96961198
55739219
57960900
63739960
81443793
62144959
94139092
19417400
94130673
14471152
92415738
49709662
24045037
31850711
51945518
51147372
35719364
69286895
54039886
53582837
21784240
79223090
8494547
12146753
58539472
62715609
26669170
40848300
74220722
36938313
7180861
71181920
92677532
65141761
34921881
74121325
27286721
29060973
93538726
21417394
43532126
85954464
71127057
67577164
17805175
23072575
18724536
53524540
92359470
72764423
7107377
14143711
51987514
15601925
26290464
10526987
78317534
52959635
51375288
52538257
89897948
58556149
23720177
82575481
23697911
58642059
56696807
50984632
87703033
50235533
72402027
31235159
36189997
43529084
98812324
53995173
66601659
17536861
7519713
58961129
90301284
14627091
73104840
42288799
30229016
99395305
52815786
8546551
52354941
4191074
61084808
42252889
62747224
84804986
24828371
86445135
43447045
81525178
37429767
31150078
31760711
9831794
62385238
67950709
53360878
61197562
21945882
19962538
78734423
29465596
78923667
69035708
44092687
52028508
11324507
74321704
51423813
64140294
82868255
3778755
68331369
43953064
46031645
31078593
28758051
70860016
17523728
72205096
52385194
54953496
3355175
84145906
64785291
65740414
52096615
18146170
26937977
74042498
38108708
5672401
3508094
17032376
74708109
47600782
69060884
86032617
21922486
20484698
50172912
4790742
24263453
18504281
48743806
70295098
49582874
77501857
41155114
67106603
49706954
93540308
22060100
53062130
77686215
86845391
18802545
29782830
4991562
45740522
3825329
43100270
51412923
7333423
60132647
26121033
54934206
29193531
12153651
76856692
49678229
62326563
81647434
73941683
80830845
30391241
44236781
30413720
7893099
85391895
97520323
57600054
78932204
19580424
10662184
56618419
6425816
29464730
86401250
11417378
75205252
90226579
54517649
26618176
97560003
14650296
52739209
52494210
43843828
64892861
29350902
93522057
27219424
10998337
67463740
8050270
41389579
11700522
38463990
49282678
97092418
35984314
6882732
76024622
55564738
17544917
32643042
61990554
47009648
19044293
73407933
22214900
9270873
27925583
48833077
6830877
42575880
1572287
59325087
86419708
66465148
88675989
79941765
93684573
99674327
47405506
1734843
41063906
59106028
40198833
90346585
56198446
76183147
97229318
32223069
31747886
14774236
64866112
93738441
61783884
83910406
67146374
83998785
93181279
95071958
32831862
12156
37647838
34404149
59337244
24067546
869298
48013234
4009312
94553871
47687561
51414818
96288714
88751468
10520847
36487548
79098053
66719294
12670696
76327372
98942364
44418582
91101608
63808477
38157023
52885493
47718883
5303397
36884278
40900162
375355
69716140
40912319
38023193
4120290
249563
62090740
4989588
48262797
66100052
99543460
95950359
17514871
95832174
84701828
28035718
32319723
63799882
94755013
44990419
40127254
93697377
89409001
31228863
57505854
27566024
84114356
5224737
32869422
20998634
46124900
33244778
90714775
87037220
71267972
94835066
87286784
33358712
99824654
35549581
99458764
99368114
31499941
16973635
95200289
16201769
45009354
27520012
80001651
39764368
72510431
20128906
33461745
61919432
51357769
90967600
89485457
35472125
96192338
22354880
56470760
42317238
55599658
47185535
29354459
26867630
42020601
16641243
60226343
41845256
52190825
59685108
41213371
83690766
76658744
36413660
99892536
21668099
63933673
79894188
61432467
36444105
23094
94894213
98363538
51380864
85861813
87848995
86852990
82054152
10203875
43323750
24371391
65803534
90509286
53725850
92671165
32529888
70367093
52897508
74375145
22557918
12582617
15588516
6248685
89241361
52002177
6141222
10909460
15935851
86035410
72341927
52379956
86058505
67236140
50743494
37439370
53097954
38592490
24292360
35152106
48796366
67616111
59523497
14599900
58125397
13249348
7271065
90655286
83616441
60168574
65030431
6174360
72751191
80618948
12423045
61992553
32621125
18564267
72902013
48556976
4599678
45243941
936933
90658184
12480081
51680427
28097555
65578036
90272918
52389915
730142
39069284
20006026
60253640
53669184
78131424
73502988
60940250
68786710
57119430
21108825
33817142
63293790
93860017
14436090
75716835
55852570
47057216
94281103
28754583
95614193
98880782
73998524
96551126
89538967
86478606
48231554
17636522
52056642
38504472
70026438
52786785
77573757
90032464
13040425
31242942
68163889
86543414
92183192
36950600
43662844
13292018
70767742
6956634
7152035
85203833
82673470
63004605
32261049
76954574
91759189
27875242
75835357
65757713
24426369
65374324
52236320
72657923
83010847
4292962
11162396
53037285
57079748
88736153
43069749
70120174
19979095
11233639
56663588
12162288
48184239
326433
25454306
18951982
7283067
32606341
4155816
89956538
95610947
36416865
66911113
87370136
64292108
42746470
53127850
88718477
8120795
5364170
61376401
91131642
9657133
72538797
44168927
66736881
61274950
87238677
36857055
81254046
98472316
93520644
93416334
46656556
93847077
18870641
65608539
1130145
51476983
69764355
91086683
47087930
6181220
57997797
34458067
70473329
744267
87585917
59191806
8865062
92950088
20568207
99996704
2607221
93107005
44165631
69344103
54381955
31404309
6201159
35636002
29876625
99721803
29052336
76533182
93568881
47922977
42141721
94699026
99399960
11906076
85785710
46487891
18087297
43783507
80945958
88560627
44527775
68531876
47752433
53392837
61481964
68320641
53389542
64089186
61427646
97555174
33433289
15809602
28959483
39634449
51445604
58836109
39356253
80497941
35369291
32925134
28420919
77511012
27624161
27820879
89417089
13409871
74308771
7504387
57193379
55254729
96065014
1721154
23786605
43817448
55113992
85268570
12138089
8503534
49357756
73565736
6058709
82791046
89375338
35018192
22425496
40820942
93854301
61781749
21318884
29223593
94706883
49739803
6734605
22331044
77560683
96151695
35740916
51869454
3656083
92934296
7124183
99721097
94655450
30910789
43538546
49769443
16179360
55676636
58272977
65537117
29242372
64331687
48328164
18617711
99349880
70753660
59438654
93204181
32535409
80757538
22427774
27242293
30497341
29162380
49573338
8058024
25314076
85314255
59927478
28970159
78248551
67051662
28691256
72904001
97962452
72229803
22673444
14141812
27906439
80946422
79678929
57148812
45278109
28007093
75766523
44627989
98760754
35205177
37832171
31296163
15962715
60259946
58538456
46460056
89422327
8111795
54518081
14736403
93426050
14445559
43706562
71674601
81497222
72397820
44578603
79459674
44627623
67252048
93601486
72534062
48198470
73280416
29682874
93476580
1287510
5449398
38104570
48264
40654575
75936742
31344427
56617290
36196689
89882884
3077347
25619016
97994680
57595429
40355420
91420730
72040989
84061983
63095331
53538211
56459803
7673935
32997885
1087426
74925983
26599372
73621489
23124453
99879788
3304364
16601034
1167299
8753762
54705605
1215563
49408337
30642347
32559991
6025628
66839036
22442876
9102976
92458053
20437556
66698405
32813473
11858286
38739394
16875457
74953618
92277606
73335260
82627553
25275491
74422687
57553536
51874864
48044176
80677990
51754653
51348541
97279025
52921952
60102303
51984630
54137515
9510641
82626977
86697506
15536269
49466014
9140382
24639246
41924067
29577939
91337652
74737541
41436225
30077047
91612998
16389844
22354653
64948259
99017398
47630145
39370946
56570934
99505009
87415122
37248925
51259662
38763663
34527951
4181614
98865967
86512581
58319130
8376608
69139559
45016637
23912878
18605574
54157020
48552124
60529641
83734959
39889777
35267183
25171185
69966824
26880182
41561029
92321477
91828441
40578427
39951622
31199387
97149362
39456631
18614510
34398288
90716294
57378174
68926239
94897908
56244141
55438821
53217038
64620750
24578380
98233675
88533628
43183954
52390695
37085753
3713596
36125655
76975530
38980780
61296840
46942354
65860962
2857869
39263832
57689403
43436297
79215455
88888790
40585659
18672087
7503301
74983947
9388381
64881475
43910187
4286289
21125616
99349008
57503328
85746367
23927389
55737003
74279995
67111343
8127699
11365748
70824940
44253354
88341279
9805720
5550194
35283633
75666682
8408064
74547466
33356085
51844361
53762921
22244876
92430021
72435009
29748177
67413969
81823390
94629652
11324156
86109680
15755269
10673165
43613008
1501636
34600554
99350012
75781632
1711897
7477712
87147381
72536838
51731066
75488660
82342559
57281261
10772294
58009241
65689326
85319761
91365327
17533687
39082682
13610204
9963708
11517692
43358382
77377678
93341082
37988035
88701834
79450762
53743304
99374999
23063771
55244941
33975553
22413783
31026574
35687451
29891495
18173955
8224290
81622562
93662616
90566849
38903824
4434910
48576090
4593150
89754671
39941418
22126838
28837354
53551623
32090546
40355046
96910005
9468224
33696129
34898040
98170059
13146892
88641345
97545059
36210663
43886287
31520612
58624447
74912861
67208064
88515943
93086817
75432354
70138505
86749433
65999203
9042330
91184344
14575294
13635480
80939016
54516713
35762318
9776370
8068336
67852865
50131417
4978341
77321090
83827547
39876381
75491149
96974439
28517726
73036208
33185103
72404013
4556821
91809550
47316875
71764886
80325493
40403692
47197241
50463999
27153126
13196445
59506329
18337470
27771740
73141810
99276486
82288453
8904128
9052857
90356790
76756994
59184275
95335132
54078084
43011822
35211513
29569234
39986262
63729240
2605443
73171365
36133254
7162265
64980916
83450130
78927151
45306409
23853823
26124392
95770409
51006949
39320838
55276739
69344420
67092578
28418549
68620906
49381032
37322678
77673764
39737822
14079672
36858039
35072954
68157757
79869862
70284468
97726991
19856124
34013709
332435
93027490
70146964
7494700
58008406
53597094
86421851
3314815
77450917
12546244
99085225
28457867
51867083
54361964
97802287
18959661
82780513
66423194
68340693
20103191
44096958
8078516
34182864
80954998
43151471
2340621
60824860
13435940
67613
80680985
47449650
400048
73708475
17596614
7894748
31716881
71193709
94316600
35031697
48644627
6862845
34116922
77102494
58729928
88478886
74904782
77689589
71259400
41327976
46030283
91362592
85424934
54108800
25545456
66379932
97260271
27886078
27204793
10696212
27953692
7885778
58145862
28353740
81594253
75742477
36248489
13311135
46936187
30565090
48342832
95580814
37427935
82459755
72683309
96157863
70938642
47588091
73847453
42198042
88916067
19877737
33560634
74341002
73986537
59106091
40720935
71246809
86992169
67925728
81943021
14945861
75811507
40088884
43299602
57405761
15831361
79548092
70716896
62767549
10113182
19059729
58348363
47541118
1519484
31031673
43698981
72458126
78619764
17546435
14656168
67535832
37424172
48216803
41876835
11410710
7322894
82597770
82657519
94315064
50523499
64600541
9260926
26335006
4689425
52560528
83740767
20520787
32108621
54457664
83288336
42221804
73517393
41636700
89762922
75036877
72668373
33461904
47495004
51288138
51008339
62151173
18823970
88432512
10367976
60700805
99843222
17690871
43298576
82500741
12005935
93822075
47101283
21266861
20157081
51790709
73827390
3897849
72311496
5936011
58355513
55599833
48157815
31872906
97236533
37920737
6909784
69904907
71382642
54404788
21193045
22390981
16555961
40017016
10823494
26923937
717822
10666716
44614808
44016398
93167458
56620743
37838473
40268741
77887605
57995555
92059450
51714995
61893404
64370947
57651006
20248918
19970781
5808822
52121824
17207314
43729560
59031608
87112222
15112202
13436397
8305267
37503184
29992358
48322283
48326678
56916296
49040105
58993395
1531104
93056504
52160853
58151848
30894977
92429595
36039453
88890533
84489046
87754449
50783938
48859994
45405456
71032856
68830775
51214278
23154681
86038090
94943838
82186290
73150312
10056040
95622687
81455579
47559225
25615045
29777863
95885903
82531341
78817969
54879298
84062446
71874473
7040152
42214295
2769451
99469747
78253749
91659984
83958794
66008198
42443923
32818788
11413654
13476779
1649563
62627933
36631460
87687653
57571771
18817750
60837965
67627812
14440437
42293545
15187037
40055483
72071409
11072940
22586824
50889378
65952239
6649271
22763852
72992391
48863566
25533304
72462139
27117315
17193289
56420933
93125514
59637212
89239721
4539168
73113991
90889285
67167101
9745451
78576938
24738873
28563202
39414904
92366686
43003640
81708450
7553723
83059123
53779859
18626664
5645947
4669237
84578904
12295218
27433090
57571295
61158785
52966394
30033434
88276100
70159683
86454368
81401614
29796895
75694089
85940783
2910887
66583375
53107885
12656339
45160314
77846759
41219541
84575218
70213445
84223181
66283668
77767168
67282304
20063527
96393833
72928252
24732765
80972737
85223471
52165856
38544033
46382256
5132250
68577468
34658357
75291934
55031836
16059972
5088830
30725926
2000756
7999717
97309301
55108641
20656056
42469615
32955400
61875598
27044833
3168846
46098780
93328502
80936015
13381085
13392030
77329848
86309337
38124795
58302586
71532809
90290651
96846619
17915066
95422902
65424087
52573423
70714836
20455923
68633395
75803667
51181849
70634151
83803384
48491151
25742793
4459441
90960766
58698194
66335040
18005600
61867040
12433820
11334102
42803055
25814906
24726133
20132904
12124244
62850929
78435490
83657053
53141580
75282110
1572119
48564483
40706197
54145543
19279320
61162121
22778938
95082987
12343971
93413090
78886372
60835122
19155883
83345813
51795889
77854078
49680854
69801489
39721118
62114675
81135592
82524173
87929581
5861725
2657078
53825
68712654
81092568
83710879
21854235
56374679
85282999
70418719
97080877
39428542
89698039
58242998
62207481
84781027
70586970
55620571
63667399
31422093
74776455
47013213
83217983
52630533
96694067
53019473
92351652
58808742
34155065
74875826
46738324
40016791
77532904
46792150
8729446
58625473
30503029
30583682
15000152
15786028
1002401
12081029
55214570
90700440
70324028
17422051
75481467
40910999
73042623
39148867
72333092
47819078
86162080
55551076
449612
82856147
8570549
92801264
41664890
42725614
67677090
88403214
82742406
45209994
35195364
91471852
3835467
65698394
22055534
18835619
81484422
23057936
30916649
36698993
13758377
1240677
54121044
89239845
42151676
27163667
28388712
14484769
74982746
14550792
70035845
75432358
97406940
78606394
68233623
39071830
21332009
35910713
27475045
4074415
81120708
62670409
95546268
84956176
28368803
17601803
3791795
9853226
40659739
34708445
46552219
54418116
35949123
673264
43657961
78100799
27836932
72046674
92585569
2819678
86597466
62621414
78252037
84004406
41227809
46485660
23076237
62559818
82396374
50551282
66634234
63517082
13221692
62180503
48473258
41590495
79782306
52265054
51443722
20442046
86973500
97995941
74860162
22922623
98669205
18518124
1023423
26506137
90564798
93608992
29325816
77162265
56230407
7577854
61166672
97458217
54063515
84242909
60018036
36459890
34794191
26652270
99976973
48015883
88832773
48450231
89606379
68615080
715286
41050101
89057126
87688787
39046043
63917289
10611410
37715249
82435413
11634834
64221387
73000212
5243826
93547203
50162477
61474234
1125058
11329149
58932452
55188573
95572058
18950488
91648463
30366250
45602758
91625436
78382134
34435532
40075668
67988514
3050612
40790955
9038616
92107739
28479743
48084659
56025028
39091153
85799908
38460441
50725988
50021295
11460653
55969815
43568499
61623131
17444049
44693558
72952280
76376501
99882131
68524339
95326989
91530595
98890590
40929748
83156032
77272724
75365281
23231701
45261238
78415894
64022657
54299854
70523633
92502400
2384514
26548661
31593554
88184422
65009103
82319542
38205718
76469757
38289357
81774218
38092888
55733407
26467776
11045169
32109908
26349908
79569509
27436898
17880503
78460099
68366647
1036536
55732824
43731929
24268238
994062
22147823
88290895
55293917
92671457
80793295
57678431
19220119
12386849
45862854
84229222
94706392
84068573
60698979
32995749
65842792
98791868
88729156
92310568
9837037
20839065
18660476
89406547
48275964
36540980
67866646
16642612
37577517
23599470
60374541
61845755
24593533
82522365
50136650
79887451
75193823
30929946
37565883
94413942
43316796
83428738
78643164
38023188
67497311
39342144
71018938
33340103
38134012
59748095
25650672
47971050
80587161
44311149
37377597
28863126
80852130
5244244
45505738
18429648
28843714
5880280
80275403
53437248
88402646
30412054
33324699
63596469
61342001
70890583
58010411
4658797
54319321
36653575
42681986
21816633
75995719
13700924
55156737
14129732
73449020
80807409
62100782
54036181
25118559
99478379
82899307
5970690
4722623
28405046
24400338
33566338
34285326
4675741
87003587
22687972
35087796
20328287
86284441
96429797
91218870
44294853
1088594
45538191
80948429
43770581
67354825
56944148
57471506
22511562
71073881
30920526
3318972
33174663
84956708
28437531
32653043
67856016
34408221
37375667
96261062
58808559
70942006
30546389
63484302
57945593
53234362
98572098
78273880
39518804
95001896
69492751
83813657
96090490
15030943
64762086
39861072
82385768
21706235
97332578
4897330
92780116
28253105
8216302
25954780
13209813
36653834
58607823
81065830
71062056
95983491
77326893
29870616
66925497
7873282
93354918
24871090
61107644
91927016
3144971
626448
86928912
72637723
84440105
83019403
87668667
49202192
22880475
70054435
70908427
20213054
74951766
63688543
48466159
83168069
89643323
61675973
19821903
48251147
42741803
90883959
44234638
20068696
20754575
11160136
27941979
14109493
36031227
89049623
6036509
39176199
89676072
92965422
11813922
74116178
75984825
99482589
23318370
98865301
69537025
94226797
19078355
44488791
57915341
67544515
27656860
47558665
29220488
47478764
95809813
71962292
38362723
40044451
92030989
59117299
51204588
19972968
73226792
87235815
9022592
79263302
26412014
98698665
72228724
38225937
72814843
48213550
37708527
96133214
47078852
7245552
90360011
66157208
51734344
48275353
33701723
79391204
95834018
62922212
26869968
91643831
34884505
65232692
31688283
26915494
24349991
82892872
46888463
97576783
70128687
55911056
76840086
96540702
54609721
49068811
34766639
27424565
97282362
72475167
23557779
44361214
79720719
13917791
10518422
31455064
62193145
44220145
10846268
58027163
7142358
37716237
49670995
42026863
2948930
81359279
68942358
27298921
64252151
15830822
24875705
34380839
71741878
1715791
30921541
26351600
50784603
65688181
53776166
48066965
38163348
77333946
92428179
17884068
91251737
2946601
49339132
53444882
47166747
60185401
11472046
54309105
97901639
61143042
96335969
850569
42502321
65278327
28149491
6754473
81109150
53025196
41135312
52851028
54740988
72056854
79202629
5525591
37745035
32978796
53592556
75908384
10312742
46020735
93792453
1564479
48967337
43131586
55009362
96134084
3316988
66481409
50443190
1218627
27624451
46779160
2069197
70126773
12057487
30218688
76881246
93166637
83243885
18016558
46017666
37984873
90073413
25220296
43510465
27818448
58199092
97103021
3726833
68511834
43123757
97519286
70076314
92091094
40650872
25085677
88225179
43967860
91567086
38668370
45186488
19191537
85447530
47255685
89318310
97505018
77474374
66199557
90671656
60718259
84216116
36689322
98703133
74289529
61909619
42213598
2107977
20108711
39316620
5834811
88620546
82440378
3354097
58696860
74531472
44004970
83782538
62756652
87972830
75349624
1425022
33159318
94541162
86872553
80415004
83859473
84377571
57889379
50059030
75049227
18607638
34275147
11738550
17310772
8564676
73648170
59524371
10672654
93756881
98840992
16507465
82377428
81281370
19861562
41074289
55812843
63866532
24856827
18569495
51839363
206451
19994518
84998682
94747614
6867071
65413687
78607087
91244643
23303066
28666118
66293871
41910705
62941265
78032421
59221477
71505941
51680591
18745849
82178596
45437473
17586842
98686061
27814902
98868212
18547624
68889191
54681055
82414157
93746018
73250551
34253520
93952470
93245069
19252203
88700085
112141
84665890
67307173
91356784
7968956
95973291
57650655
49879661
58914557
35683077
9101139
30420498
87363669
27846989
12599094
32801143
45433831
11285156
60616045
44302043
29832780
29505236
98983099
12246937
23251255
72233650
46500458
17203726
65478719
65752661
5903811
65590861
50418551
73210984
56947645
58387508
69184276
14598301
8267170
28098833
50281379
17368309
58519332
37645048
45215299
71118427
70446191
90649130
82403583
31062237
34951174
12236363
60567474
33934273
24483301
83818730
6167923
70983759
1022456
71646643
36736421
6926268
37237505
87154973
80137253
94185150
45542482
49321529
8783452
53809652
77420363
59064831
71177962
35939695
96709880
16393261
7058122
67156072
7042392
89461706
98218309
41993566
1698070
58785783
75927839
26181371
42604514
82095763
97165131
43626971
53742407
33901553
50553239
90979912
21056526
30690493
85165063
66599008
80012023
93948516
20408661
57432386
53013347
91586623
93372082
49723227
7979884
430205
16879299
15022276
89891911
15097609
57015843
91589981
73883393
32943682
17771353
16487907
15039446
14936485
60114878
68781854
48838038
10668118
59761766
69894565
41358611
44926830
36493573
21370635
38875346
56902234
78803022
91888693
48488858
72175104
41611921
56468742
72605309
58491221
71491019
62497220
73588830
28506862
54087202
47472224
61450545
71858555
63960131
76489992
86795040
24075010
45271846
35633079
34743129
5033613
5527644
76101741
49960443
42021217
97472376
88835789
98923452
76275398
80724483
47412311
48450502
22336404
3881054
21055812
80827626
75372073
83553033
54416457
3878936
37640235
1888681
65329482
9498791
65848813
41819474
96293832
89923823
87091320
31926911
24666952
92124933
37454555
768694
42085377
79475773
98241070
30921166
78399226
74516468
11645650
25811537
22966971
33982055
29692591
44022784
14809681
5064665
27575817
69226138
8943601
65216053
71114819
74273084
74714845
36963632
16092558
71008677
26887456
3183879
2935589
51554409
95308813
40390145
52323103
37394190
19865918
50564174
68315357
98265145
25080642
79961007
24076682
48047614
13943062
53769274
92070398
28752744
58833940
19646216
97978882
67777541
84862269
69093702
42050626
59577115
6057335
58143184
30585792
32944791
61327063
33521382
84499201
56635876
73911527
36822305
94030067
93777445
87386479
62345424
92042591
12467121
42306432
16119274
60514736
56249495
69888548
52585135
85002239
28722488
72231351
82981122
96500030
57093621
52074824
38550656
16670736
58132159
96693841
47256529
91076951
58020904
80777911
75576152
14656781
54689438
12398457
8686849
48466884
99784936
71032274
40509475
12252058
13338706
56628749
72766795
69588201
26517298
25351930
54590441
55239787
97583282
37571563
51739817
54676904
89646387
90290474
71347641
47778547
86984315
18604170
38855498
45005220
99382082
14431651
59662002
54071521
26830108
68348851
2538406
26615045
39381125
43047881
38867104
52719832
99676631
11633899
22308034
26193929
36985830
76898475
81433716
34569112
14470039
33173534
89246017
4116426
23464009
60593658
51894974
10448324
79197829
90750472
55453545
78579912
5182123
15115547
32651433
32012232
83464398
35189839
58627278
22845524
78237721
97494383
75565356
77914353
9128282
97873391
4108282
46114113
74771866
85541999
80683226
89241906
18715534
69929243
93358333
42179543
30522902
45253307
52627867
9720731
36003779
8081413
88300643
41185903
23196960
20952077
73198136
6661359
56141917
31825415
29506884
34379639
29319798
5072240
12293992
38448080
2945632
16402275
84562194
77717499
1944274
65245420
66959405
20659809
35174664
60317738
62839352
65697566
5571045
15467220
75418297
41574825
23548633
63718941
82760729
46745594
84671019
55958865
53406953
40812936
87784280
82913837
75192576
17104078
87986078
87486568
55552159
90931710
3888843
40114353
68649210
5833118
5359774
35608615
26492927
40534438
95926353
89332280
6232004
1497399
4799501
81650302
43072225
28348134
45369244
25832954
75093729
30040263
81791819
28500682
70853200
69576100
11414520
46045776
86680178
99400598
33532345
42232338
90332309
37421188
82346692
58981519
43254307
87706467
94590135
69747235
28240905
90516489
59079516
34472910
92013888
63879017
16123212
35086113
92227152
61492456
60919067
67320881
91532719
42710887
95821563
62385920
12286987
7236083
8431696
98967166
6636682
41964041
41199505
96968992
79385230
23546198
55950512
22639537
11252665
50540647
92386773
39493570
41057136
51466289
73966480
33071025
15345306
90089692
68157139
7572458
51582149
29076207
74893340
43114869
71787094
70714903
5500789
84074082
77950987
13932485
83041249
84587670
55896527
24240755
81556662
35281757
47786953
37507174
57921295
59039618
88047822
50308069
98533188
29104958
1774358
72499669
62175984
17119665
62589362
30333123
24692124
14171511
59409330
99585464
57286380
31196425
70300368
62787169
15270508
48251356
76719655
98311757
32839026
32616182
22552512
14395689
67897940
70339465
51902864
25819235
29379084
39950686
76127304
27912272
69055645
77901663
411941
31231629
95021328
63001304
61564752
19713452
77172815
20974083
19298917
34459196
52170508
89599285
97246365
67441017
37850641
73966021
65752774
70689668
6582203
88305287
85085358
74480143
58644753
36988222
299379
88023837
76938909
76426684
15936110
45994554
54328347
16348052
77226184
49349676
79349356
38790937
69063128
56522172
59765020
88362045
90981368
11935529
77961331
88227734
79376546
15811973
62193755
45129321
86501641
68775959
33434608
71586999
43256103
92079362
8575222
43555482
80103199
85514131
19982167
96039309
31508686
74310515
12387361
8734871
23660191
91736718
47525808
92723320
48258890
7290829
81085366
39240258
19226359
59046697
27467993
98602906
74858670
89661748
43732227
61360312
58437708
77166836
32947311
1693811
69246198
41522534
45249294
49349398
27036666
65231461
45388708
58545353
39541976
57776069
67280224
63202167
49512787
14806033
55925487
97771678
22096862
37010853
37011936
41323222
96057551
64479929
39926128
70916221
54141678
83658355
32276533
12579386
60825192
65223845
14273198
30071390
6746380
59522492
79420789
33783046
24753953
24809497
92328399
64295930
82585567
59608624
27498098
32098354
74414657
83423586
29870032
96511520
20434440
66881969
37834742
16491991
31361899
77760870
87408213
85503577
61419226
19684747
98082964
22244418
84908592
12356162
52315809
91654973
71878655
31736598
25438019
96632609
56546096
17766419
60928539
39131663
77375043
88426637
71230018
51789700
71850224
1100051
48301220
92284664
67982020
86135963
8776655
99343919
63896833
96184868
84847497
25316060
15869615
82930462
47560478
778208
95286625
99876288
92433181
67165280
31612887
17871201
63797889
88158983
35637620
24726429
27290646
13012663
13153067
98520665
64802364
85003291
99620716
13103585
77287955
67602736
99239548
86064610
66946656
63136382
82249479
51794154
88452442
98119094
34724616
36012921
98897303
30011241
35889209
91330485
97176521
67502096
9201686
60974411
55661080
44839306
85700840
82951727
57851970
98853907
81472392
22654334
83857198
81093108
35757919
61145153
48695844
34997468
47209764
15642501
98133850
29459243
67436655
86586292
27578338
2161271
22599213
26475641
32172513
58488422
17806127
29349035
25990519
27007813
90323446
81651599
71847120
76024286
64603327
29699090
74878194
46075719
52353425
58735392
27168827
88111345
19880546
75864672
23108813
67090310
91507173
21242663
96549553
58943828
7828955
24127892
61105100
30428169
50603534
93277614
88916592
68409661
22626649
14907112
95417475
12950095
96558712
67264595
88974382
61162039
96963686
63852576
7237758
49317112
22587969
34406585
37428457
42468515
10271258
60537271
9558825
1778431
81779934
6108379
60722260
89608890
30236271
21827360
20037060
80839805
15104975
8953652
49249467
37731624
23860764
44666942
50681720
20419476
11931538
39656102
81581515
8895224
3508679
88819274
58212337
26096648
23225859
95640794
68565163
33497118
56178065
78123989
35275549
37958000
84232368
95997809
27566891
14468640
17825170
47603951
95308446
32930145
56557603
44557913
70661770
80418368
89224856
21343490
837845
1156394
60999593
82419360
10051619
64508272
71238635
68263956
90604921
94464495
63904751
59170085
27961613
20082817
37294074
63237162
58040818
21526443
59234972
85607709
35995084
77060143
33211660
31303530
9990289
89769264
75861444
80652059
70187632
65086300
1995550
71025477
66242695
62995143
53444838
76294314
27503415
24683473
44558271
18108337
19147968
8463022
77278422
47109581
28545840
14572497
10346744
86586658
36098940
69581716
72194367
72094024
46641860
5406027
3397555
56632149
95175292
79258999
37284209
65362924
44345300
39279759
36388402
10587995
2274902
89833241
86882310
29778318
14516714
31440581
47886655
33664683
39903604
25165078
80774264
68449444
39737575
91121009
55036103
75836516
60702725
27230470
47930541
7344586
32636498
51328096
63976735
27811790
30587096
1260944
93174715
74932396
40540704
29563118
85520392
42815606
19396359
72402702
72593925
33913073
3843284
20480580
67577756
43746888
45645658
48352021
12196333
85383234
39473030
67232436
61219750
175756
94462906
9150291
7520342
27099405
60478388
71497078
54911196
91065484
72758023
48085911
65997880
13298727
77649030
51518272
56114333
97045389
23920975
28708258
30958463
27764259
49188839
98536219
71511147
94834498
46888241
83707481
80217732
86361272
50939917
41437483
86537028
45402824
50587775
94057371
72502229
11066163
65554450
27413426
2131647
38312473
75499338
68129528
51611200
53148368
19647801
7725534
50193757
43568776
36433793
81152220
71333035
85622633
79688440
42844183
80457131
26576681
26551664
60674864
12937954
77491581
2112348
99474983
22894406
52700123
93532354
95396636
63766287
59086804
22810062
65897934
97399278
98309400
34027463
49010478
51457768
53675264
56736013
1651525
97244041
93169806
82803746
68577076
78792439
62492186
11421259
59249571
89068868
37972923
19924435
2006822
15464505
22036783
1481806
38358911
74736907
95014161
33755547
38503194
54100965
56565609
4401129
51500244
54875009
38428592
510722
6332778
92103857
57246736
7984304
89347898
50416542
90788050
57924975
29208982
53280237
69346234
88458553
42349106
7319158
8382989
44355929
22783663
30419772
45837735
61142574
5156680
40851896
94898122
43659874
94952862
51463731
48061004
46453106
6338741
86489597
46963829
12671520
78593455
4210565
20655824
67941353
54627107
11443875
25866328
83836090
64724112
95212563
72294643
7073218
2531721
80677632
51429147
25315385
11097405
97266882
86457960
16254086
38118779
81356082
59913960
33071641
32819814
7974965
79524747
39158556
94464562
26488576
51830076
73058017
30699141
72485900
40999371
85326249
83929776
66865700
69162339
48653888
62078264
41456983
55727107
64609985
22134616
7156255
89925371
33232021
4423138
76383331
49486108
42541917
57739414
9400068
75613558
90559228
17375034
55138305
29717784
11839596
81626882
81547861
84897614
12326024
54033762
25896985
97652274
37963538
92762686
66814614
86617427
54840950
8271597
42344534
19450936
30406213
49500789
9376307
63638235
53923927
85759639
13124343
96465844
43499053
22524412
72079403
34058282
39899446
27217709
63776067
51739043
8844591
45323928
36636658
21170616
99357690
62533644
18822890
37321228
55296330
85637504
23938655
10137280
93909102
66283190
29588217
24315315
15783979
38964524
87953551
69707907
24724163
1077895
66173752
68223217
23602308
38253155
2281499
63501755
65470864
66057566
15240798
74315456
11381494
51877457
95486072
10739185
14411101
14308963
48060413
69707432
99946467
71999069
79844713
93855569
38282259
9432930
18170885
54066239
48397454
6124437
23774146
73121618
7202332
89947899
41344836
30804640
28201054
43626335
94306396
93671919
9683901
9547194
67987375
21065396
61424652
63473448
31804581
75835753
77782411
79864995
45543186
77728878
51864064
25387899
71584448
90146324
34820829
89755334
44212563
83218284
95879771
67986710
56339903
3082104
57934609
97684739
33886744
86135663
41311074
28193140
79807582
50994976
37740335
47794958
72060373
99164988
11268407
3864954
75000742
89050818
83729949
20543928
66779697
35594014
45931827
38364146
25740338
80752657
28119480
69952901
63970941
23999251
37939611
20310845
27081355
95874220
17995584
60968100
82009884
59306659
89161241
61817467
10301635
26901577
9612426
82362008
26066565
20880833
86226963
1067307
9931651
69956913
21611236
76711349
5550927
67543063
15075495
31291266
48295721
43194975
1244168
12266663
67194227
39183779
32577508
94275583
35058000
50573092
55243683
17067885
9879751
44404925
78885352
20181387
71306502
88497778
2543395
97373068
9378612
88770359
98440376
19310264
58727272
20051612
96021613
64278200
87594676
11097109
95569466
35890397
54292085
96813634
48157060
21486312
35997414
80734568
15761895
71055415
31307661
71005579
88123300
41187412
15410504
67008653
61368799
86717007
55506431
63912195
84090075
64885043
52682555
82530452
84195308
11409827
2582064
80216921
75688027
90176741
91314030
71257494
26067138
45606116
68071128
74224199
67092428
4068543
54958768
82854324
75123958
86266429
53859904
63247259
27453841
69270409
30255912
88822641
55987416
85762344
52734837
40077492
50647388
5417392
22607944
34842696
16827220
25190009
15059617
92515248
15366750
6373648
63772742
41433889
51979764
31843871
15658088
19072193
35912414
70616856
1926518
11036373
56883285
55786422
74283632
84337127
25056832
4539544
73159769
81044248
90301888
25894607
21121741
40949276
31311999
43729686
75791973
48139219
68919695
90851590
40654468
84286446
97225239
4427210
25720335
49205003
36271081
41378423
68277197
72183496
11995280
70203715
83219870
68878565
25990138
57503502
53215693
51046970
62043047
26375463
32091219
52344935
52270070
53212960
93294212
83582069
96942647
69086185
31721289
65862343
59937776
72375757
50148789
57163015
76802968
75869124
6368019
13074050
17247548
74645216
85257546
29242828
44848932
68477416
98121394
70839071
25980919
51337088
21886041
88023966
77712551
53977261
40368902
29982621
7190222
33663115
13564690
4132869
2749300
45285980
69995212
62687077
17661738
20144002
19850093
94464706
96013126
26218112
7538756
13260675
863329
92796303
42503504
45712262
61273720
40624898
16551333
87254639
91961986
38437375
75278606
69674538
92414636
15647508
99657159
99604858
49310623
13221850
3737728
52059924
58507830
73732941
14747001
76169569
93876943
34597095
70634276
89890069
60815207
78173032
3150745
61678537
70969336
45654249
7390799
32243057
86279148
23942133
19497697
78241135
62379508
94776303
47915673
54794145
10423812
47572832
54399004
59734436
60794682
58136732
11794360
19302513
31869673
26541362
95472083
25746616
61138457
66106359
15636686
21953665
44279392
18787431
83632202
15248728
64441681
91023002
47491786
50720829
14965135
66989483
28961965
77344643
61765787
76877638
32138789
72189599
24450470
86537793
31924036
85245153
44674525
43718396
4547667
76544198
70259759
19750
2290815
31398217
66126109
17927501
53351882
10405501
36714933
36984085
25654230
1156615
28007087
73146016
51877444
42972222
40135500
80839409
20316866
1901287
57717048
52455655
74090887
82167519
38993448
6014923
67412673
83667974
49733320
71960340
60212173
19993080
71980091
62502988
51391297
38106200
80430490
4743180
48511702
17145424
41727265
74165933
18302039
69734352
47311949
70179484
12706575
87447450
51018894
33023442
89348738
8735942
85479097
63439626
90903461
24472546
69454550
58316134
8140520
19187870
30276475
68352693
39180951
2256566
30855681
90572248
40362767
11286172
95315428
88874469
28431596
37042693
63040402
46733635
6777046
10352352
16913119
19483622
97799802
67932013
52507064
87148541
76667956
37986161
50588167
67571418
62458708
20042717
25887553
70599228
39230588
56164028
38951921
78411539
58420594
69807603
68983788
98783361
81093775
64299216
87657831
9525372
1341910
50698233
56259007
8118957
61050586
73172127
27602579
58850389
41104141
80109643
45998930
17772097
18095805
96587098
85343515
80554513
16629815
11231068
51153741
55860404
67395097
90105663
34271944
25815692
59913267
3255732
24599054
41007043
67554949
12256885
50532415
68896859
62955119
6791423
77015817
24005705
79963550
4618396
82856094
21067691
84728040
28855025
38839789
2823845
25442123
24183305
83378359
42071939
35414374
34532101
97932343
2809471
24637765
32204287
28625163
84551032
35460020
53224218
25558075
3014969
65481103
76090491
71911828
28436222
82881914
48927645
52441928
62845465
53546042
35298023
83913157
38274082
64153048
22752947
41097928
89595171
46936252
24476287
31667111
82350626
59008388
29599454
85160098
83646153
61803742
13785262
68197186
97263762
67009480
93755262
278731
32490584
69845753
72190560
60926807
52727668
21118206
13368735
15573133
74664248
48666759
99486291
12938330
12819807
22239238
54036258
2414979
69175490
78512546
34082090
51526117
37520935
63681545
36686216
21167088
25485288
50471479
89364274
22749050
17480959
83119536
23027782
49971544
52965290
95218343
10898351
5692958
16336549
24267087
21266092
91000797
72933846
20752384
3939128
85753654
42991622
57975387
88168634
12167113
36487933
22250725
63693230
74008868
85932271
379447
95175957
11417559
50850926
84540232
34166610
68331886
67659769
57194393
18303430
20625059
52412736
29201781
26318018
68749285
53468869
47584111
59750083
26402716
68336495
63689211
12156370
11328117
21664599
325005
23495231
58152532
22575730
87188462
32161401
8508001
87567909
27337359
19925561
38418835
11877591
54092171
6750722
79537361
11286564
25054152
162420
63699300
54255934
26480439
32448586
7724803
74064551
92198669
34127519
42401046
55887881
46283890
53729164
77552480
46608895
77224395
35705013
69184626
64412857
67866414
77692627
51980767
95203773
97618188
90399602
7081365
51710360
97150325
86618726
62996925
22204477
86781147
26696226
76460412
13261587
59144812
84185215
87326138
51343482
18312735
29727185
7231363
64596626
83456349
84783843
11205521
60680745
20488856
80390147
25093603
88355271
58082775
77074370
83559045
55700964
67473973
90640411
7411324
64624298
77259137
70408249
86828776
64040285
97104475
63289188
77301872
56249288
47474403
64628010
7592770
65787139
94355195
14824134
30383765
77811545
99607978
41589287
38492290
20096834
21979435
63585894
8452106
80062210
40660264
92011152
35763175
8134238
82651563
43174499
72758536
59910700
13582749
59587312
23950985
10687225
22876500
1252858
66936514
70350904
65880868
74529284
36138044
60236064
89353419
66521810
38047609
88961397
8111097
76539900
9058232
30090532
40125794
17510338
10152743
80786059
9521490
45915918
88920297
92173054
89090418
61678833
52083755
2673168
21266146
76034741
13360393
44142647
77287599
80296908
14493551
43168467
54826192
50631595
3404531
44179611
17153405
41452141
33141008
25264503
17992041
42199241
55355036
58117836
59709579
65507779
38903896
69231070
11423698
27824193
61404124
514117
89503027
13487880
3187285
10769174
89522621
16547679
54911821
66810220
96844587
69405372
9978687
51670780
20036968
13383219
95850392
37190374
54835361
28991401
62454877
72827403
71190642
17809914
30945239
30900222
83317694
69849136
131292
94741393
97673329
61535417
95255510
87176357
75023297
98442796
97945531
64545919
14990476
52857352
31356139
11835063
22262725
41334827
63505844
42299693
54718046
59356237
79490068
9553407
88347638
41944946
82380811
59538280
59754860
13326050
90438503
43072554
83175187
90569795
37813947
80848517
52105213
33069458
68024874
27128511
31512254
65970406
91674430
46502730
18827758
23030570
58337794
41090484
64365397
21843639
83390178
19083443
81199876
62880246
28636851
69547514
4825193
11017662
29085795
64580053
24343713
19524298
7652608
7518900
10094094
45466556
88367417
62199308
78536014
56392292
89327820
10048269
22362698
81002251
56551000
41190457
4032821
14888795
82280941
68398218
36732434
65671120
87481662
17932311
28551367
16118514
87479826
33376560
27136177
16565621
97956614
51479890
36089920
5609222
58998791
46184015
51075779
47366209
8383323
29611794
3758502
97711144
39660063
26121200
78713395
96211064
67311658
82746216
11099859
49592600
51144434
47832294
15263720
38626096
65764605
43815087
54744611
53244431
77191648
81880788
69810053
75148262
33360679
5899974
80757485
92359470
52083989
31833264
39725680
60467313
61445058
43484182
58178457
1105122
69605383
36891853
97316186
36917041
19638069
8416045
86509642
70782504
56248340
1773362
9408600
22012945
45588450
64153212
75257377
22780098
46034000
45067431
97928360
79394679
50967405
78685845
71754150
3051395
10519110
11479830
63518708
71964168
54964013
21697166
73069290
24569396
58589019
70385477
61486438
78227088
78801523
47996080
49009592
35049863
49769442
58418193
57062808
95357893
22571405
32320186
18137991
68605406
77387617
16066352
48000085
28355022
94752198
19754235
31406417
5271308
31234065
94925126
77235476
86198079
16622292
50304767
10767475
75211312
20690244
72253913
53438401
99491767
20249994
2447994
34541630
70019436
60866188
91604439
65377330
83437593
23924625
83515321
52043000
1312242
99581674
43085
29667265
94333872
19797320
61073683
99605180
51031386
55998809
76840656
37229465
72621102
27145424
47996941
47832414
47835669
20250855
1270815
47327437
40500849
3718810
81869067
10520286
64584998
73473507
75897616
48022592
97398133
59412938
65592
98710375
58994612
108677
28377641
53328484
19905998
89451324
52933664
70937385
45450133
29774321
8166850
18071236
56919746
56163792
65903650
4755415
76414647
67174466
52082852
16915496
70893276
33951920
27435782
35478275
7425427
3333399
83500867
4823560
62746337
83566459
3533936
21740949
83675136
31911578
75069433
3581135
21362902
28003098
74518520
66813036
57777420
82685371
84884272
14697166
38849163
50787923
19452582
15263810
17962389
71535434
32179307
88855666
5487354
59615090
24333941
12912782
62948489
7834808
17736343
25694826
91401268
21270280
47435776
75076404
53181858
22505210
78657540
74544761
50508308
53176060
41357797
8285729
35861431
26242069
22982896
74710594
77029993
42435478
89974405
94992382
13970912
22153713
83848049
19458267
81768803
8181991
32371049
44717293
16016799
50107393
70412119
7418068
71377674
17847895
82494472
24559532
40353106
61152012
99104294
90861414
14328073
40462091
99147144
50189504
66704161
22130040
24900099
43734154
64565518
14874504
38726537
78536431
37028217
22574586
97994698
18797021
30756577
30365748
63514314
46773377
80473142
33926434
54191445
51850816
51774330
36685918
76410349
92127436
97837931
75514643
82988851
12166004
15976734
82135995
62355509
82680896
4266036
87255608
26415050
68831554
2130112
65141587
47367985
39158330
87716174
45362684
57955352
18472751
75728433
21469667
65246129
56201575
55396102
19437575
8052391
7170432
56123494
84462740
99297869
53961426
59977383
82286720
66127430
75954118
64422716
28482940
58635014
68688752
15738548
85050064
37520307
17868661
50191652
84888293
57026992
37907826
30250977
14982344
56380578
5979410
36452012
21626708
62180985
91848114
41064283
70233377
99018547
97187778
54696117
98316416
51149204
14673501
80603137
17276635
90627620
45025853
45759575
49262634
13714606
61498123
34312699
51234914
79366784
84504351
36123207
36393776
22412177
66374185
51376121
78792755
72353596
87828134
419464
34534582
79676248
41483747
4767959
78694795
38671526
59464077
77011212
89820730
74137579
57614349
7097365
64765199
2640203
52856940
14027833
16354810
14355064
48340532
67589724
93721848
32844884
3712932
30115625
55257061
70087117
81491747
34049817
42440713
69319881
34469281
76975295
48996130
75953029
81743255
27690925
14624555
41207332
4702138
4445285
15344912
62316487
11542651
80110111
64956691
64399591
94137944
81311501
78754655
42478477
48901226
72476504
75323361
52614158
2592130
30580423
22701275
84083877
64630240
65141989
53403759
99099522
42117285
2399889
75052551
23860540
30090815
89677107
65067873
34792953
94122392
80412785
97109440
5665043
60522897
62066131
70064635
54660841
43377633
48819291
97139319
92278859
21295795
72462680
44893017
23887925
3043104
67594293
7971803
67673344
32736282
61375562
66772867
74853568
63775452
41825418
98714109
93866267
31502526
63781982
28659220
25624919
44194768
25768661
31289963
4717665
87834793
1354598
59378507
31212426
50173890
56517827
23491286
71469685
28980507
68384303
95357611
32023611
35978597
3329414
99696956
68714879
64704977
66469823
43568448
28480429
8295242
42282557
22346696
39797769
6064540
51005917
65422688
50259309
76774578
96712651
54976974
64609371
98067250
14355482
95821797
48241140
70873309
19313083
19710825
99853817
87697387
15068437
31877429
23675984
18397852
31574386
92390864
83102829
98044210
35959312
11583259
6339453
78241870
33929956
46137222
84306410
84935873
11559910
34565719
61710451
8272561
89542694
26319822
6339811
3898177
22141620
54580951
74771486
41454704
74291777
74625304
29152092
89360214
6502733
52828077
7758066
38077120
45218941
90860896
36121330
81178254
2444156
42460783
59420124
36374112
88598006
43726535
21309985
157916
78292254
83020437
8430478
67834949
9340260
14770290
71733126
31481881
69351242
46504613
72936585
43643019
21129917
2088678
33003234
27632651
54916755
40761301
65709771
135697
31622198
1831102
81313952
34066354
44291885
40734076
70440467
32889892
84460612
91750452
33047808
62752867
74770890
41478287
30587816
84111150
56248577
2320943
15593031
25599820
48825556
88529617
69242840
69955473
90618295
2246074
97588125
45535051
43007376
63297896
45670748
74629575
65128999
26984700
8695929
9420885
67718777
79136396
42310777
52179389
70886849
75358585
14932256
45657739
16836873
45520073
29768889
73085450
47841016
45361920
98685271
96666572
33891538
67928111
66622046
24509833
70174185
64210171
70044885
13181562
27508068
15715633
87811137
92637067
42700334
96507066
2057952
10419111
75643463
44368729
62598501
46530313
19727315
77530757
92188052
36564188
23050831
21956942
9649639
70891847
67318863
8334910
67558420
1210401
76263021
34180466
25720235
46437207
98390638
95765120
59618769
25898706
11480753
47429907
18535774
54181087
43936974
20593727
64600199
19580437
64962457
27198700
66110751
84689773
4729458
58298803
21253962
27780289
80255745
30903601
98672137
47574609
39238512
66230557
48785010
15501534
411024
74505245
61938742
98801662
70270365
21557512
24700369
81751118
68987419
43236144
35932206
12924393
63829871
532405
32504831
28792328
27731106
98615582
13482101
32460564
56914386
34736064
60240854
37170132
65639666
58912991
84744741
4878178
25143549
33529751
20379713
25554574
8034997
82318455
24356236
78305362
3875968
49056606
60056481
72863387
92292750
95988687
85787781
56122622
96521093
18292613
84914951
24252200
16908196
98397052
56712764
73822583
33133117
16953619
10992715
98772783
75866610
95737457
3650962
1010160
29267208
24030675
26564734
37302205
6349131
50920971
15607568
10225099
99977578
75664049
83088487
92270328
71652737
68876269
48392950
68173831
87168882
33307901
92426031
4077079
31704954
49138796
77899662
64838071
66092415
88892377
63610854
41959026
84629834
67261817
42969186
13897043
91292492
69533921
51199249
97641624
20454892
66806817
7866723
20432470
42470867
90955211
12702799
14123604
59831480
61095750
82297435
47000363
94403652
74723467
51077442
26108606
23862263
28977104
90946678
89954678
17869481
54557533
31913704
2499316
21819350
74882891
16396360
13111843
44416812
67595609
10753467
64871705
34402427
18620191
85304175
76873294
9575402
98006975
90996899
69406882
59102725
73294335
16407245
53506377
48017802
67484687
79614984
71880065
96461792
70561662
61834744
14331273
25119196
93748448
16830590
46938546
68631339
33226950
60050389
13048151
822560
70803857
77919856
35224987
89424048
63224032
12098282
98999450
61231007
3095181
68406333
20333733
76389516
84813578
73840110
24407319
52298266
53455094
96287385
48760058
24016757
58122129
63091332
49135953
51870577
79921923
96074500
20501917
13148874
56124890
33550068
13971434
26928747
11469925
49196422
16352795
74693958
61294704
15352245
35924965
64389885
83758578
56258698
40779402
68572157
30098809
65186722
20870424
83553903
61474107
69630483
7570661
19596236
32721816
56706614
71466813
12643739
52781114
91968730
25792614
8906005
25518799
39764048
35834752
36988725
88960470
52187547
11682683
50255174
67539793
47607649
14645060
51298371
3866348
55424463
19870529
33965158
20611185
40740954
17519061
82085293
10371437
25089723
1681529
43093254
81796337
73148343
55736994
34577452
65117074
81529608
43483457
90635873
21293656
79318209
27624599
10254127
31505757
39307283
60509302
99045550
86914932
75154363
50343922
90781281
30578826
70214451
24746439
51190012
10955406
42265501
33275305
21326843
67355224
34956835
64420097
49151562
8105178
20157091
83729014
73222252
1686700
27212472
63858126
22980356
6530682
91482725
33234483
38036439
30790008
93743785
37081990
17704941
68898148
87425912
8486223
99476975
57640364
33232662
50666988
68595770
75498164
83942293
89922614
42853388
18899128
54342711
92004951
27004307
74499803
75733966
226559
76186503
2946438
64084685
99166860
9477121
55567411
32401344
47513560
86357420
26145130
84595550
4062361
95043279
72021463
12548584
94520254
29661827
45781247
45187243
98257597
21279411
29129537
88180211
64132800
48028666
42522923
56137752
75032973
17022727
31871718
75259532
93209231
34818156
39344218
92376091
44295277
94911629
24777435
91808838
81269050
50922565
76404389
85331411
45965845
48425852
97879996
40486099
78087679
43661244
85673342
76345276
64940656
14802879
64525488
29073457
62831546
7048411
85211209
37864519
24071138
17082927
13124052
17280369
51901084
52468270
9656461
96196362
47379900
34433896
88005200
28648950
85356462
64409589
13980362
31322307
12835442
11860358
71808407
90923121
55521603
57481750
67268398
20462259
72284630
31793886
49535716
35116176
38842298
34746925
72980696
62913436
51829852
86104748
80193806
3730936
38573018
89850267
99927298
85952919
24284164
87932499
14601869
9640627
52342089
28582231
40962935
65177531
40442590
12771342
56100653
95964193
70253093
23369051
16426452
42537724
55162938
65962169
77653900
94005236
709094
50634596
56918672
52538947
36739344
37112479
56269884
75312363
26962746
56197183
61265282
51246910
44129682
75867152
60887537
96471772
4449384
1850472
61649303
44891974
14621815
17749956
40856168
84874909
41119007
57282621
27412633
96281946
23244790
5066534
90287182
23953885
55701131
47205855
76492833
92440475
84318334
32762717
67752839
11281080
88959901
29018122
62527991
33089583
4885274
23415529
29561355
9334659
25266002
91210659
54226633
39887817
8960615
95082802
24762726
50079623
52365423
52175360
46361569
75610214
57241894
36648752
99564100
12943025
83854607
76056933
5383501
68172941
8819651
73136340
79454021
97779552
2154463
41982013
30869136
7039737
65397542
60430492
16374396
90663544
51641151
70601030
30551362
60601767
65683833
55314089
10681390
18049257
7489449
57042960
93659472
64731343
93691712
93223572
77674369
77546319
69280506
83057870
45719260
78100157
56194211
25173282
75879710
58348674
67155295
6748846
65388412
32552838
67179339
81762809
23216382
18820490
52363840
53767744
79422258
18047673
9081834
90103648
36096931
16571283
47146609
29756403
81302627
40838322
22979975
58976996
18384641
92260482
42034867
64103902
70360639
98229078
89277185
46240350
56577753
56432481
52989197
21966166
88985319
20168536
3728975
12201702
38989027
56092816
65969447
18411285
74140490
75051281
8514934
10237421
91622565
55661543
39993824
72925192
96499866
62973800
31902189
14884508
55234282
73937057
78988410
25594922
72166136
68265596
71835272
28743889
24698078
24824469
50710055
13683398
44993006
54439031
25885100
83982033
10531847
91854547
2393319
84672337
66905829
10908253
94909758
58528394
66569797
34903583
31453587
63069663
97877383
63355777
77954171
53111665
37292834
56942582
78706587
9458970
25208179
50541860
38202859
49906257
75366330
88912915
63589655
20359337
43351947
89474755
4341370
53883794
81329303
6734690
38556132
48235133
17642943
33465891
6763527
84212741
68369474
38217115
47282404
66246857
1572892
25236576
19358523
38865726
82179158
98065111
48324696
7387338
48606971
86527556
57293595
23973302
75440472
20883251
44332639
18792419
10358006
48674010
72676214
91687310
55408700
11232346
39922443
73051644
44698237
46685971
57264385
13067711
84903086
4546790
79314569
86475978
29783366
98673092
25341705
11962525
96738203
73666402
19349863
45345175
60193959
76643459
69318477
35634431
97526710
13651117
54426851
7884716
62325127
27103065
99572027
17733827
38335411
39494471
90785471
83033649
86180442
48049857
96101360
71083529
52596647
75415930
57559507
82380014
74089022
82901213
94342539
70827226
56567615
13692402
16172401
16761574
90335861
85490879
52396005
87862571
99141996
6822857
95747288
61467124
33925922
95319316
79200951
72261333
34813787
69986423
55294982
20994230
18036281
51396343
92077759
70632928
26812273
49637267
53012942
901296
32538480
47355481
71728522
89106095
61047884
87900924
5867669
51383746
73391804
58263675
39246318
72533801
65086532
34993607
34000925
99012455
30312923
13201877
71273788
65126711
83188301
26568771
86120941
1224582
77965115
78198701
71857510
4777389
27835968
24870453
5678685
60374448
72225935
77407207
49480543
33273820
65308132
55348213
84657566
38699936
13611889
23903885
11233737
78698422
58897492
45234662
77710877
89210416
58436540
48984666
54337127
41624841
75553438
40458069
42849423
53518553
18656770
14706934
58295942
46492738
39577387
63974627
6867187
11803322
41381835
56347730
45077143
6689967
11695944
29734709
45389904
25307834
53638594
56623641
